   0/199   3570/3570      0.14    0.0975       4.2    0.0677      4.51        80      1.59       0.71      0.642       0.77
   1/199   3570/3570     0.131    0.0955       4.5    0.0655      4.79       131      1.36      0.709      0.638      0.768
   2/199   3570/3570     0.125    0.0909      4.38     0.062      4.65        82      1.08      0.716      0.669      0.772
   3/199   3570/3570     0.123    0.0888      4.31    0.0594      4.58        96     0.766      0.722      0.686      0.771
   4/199   3570/3570     0.121    0.0871      4.25    0.0586      4.52       112     0.804      0.717      0.687      0.767
   5/199   3570/3570      0.12     0.086      4.22    0.0572      4.48        40       0.7      0.722      0.665      0.776
   6/199   3570/3570     0.118    0.0842      4.18    0.0559      4.44        62       1.3      0.733      0.642      0.791
   7/199   3570/3570     0.117    0.0837      4.15    0.0547      4.41        42     0.758      0.723      0.661      0.777
   8/199   3570/3570     0.116    0.0825      4.12    0.0541      4.37        99     0.918      0.734      0.657      0.793
   9/199   3570/3570     0.115    0.0818      4.09    0.0543      4.34        39      1.42      0.729      0.677      0.782
  10/199   3570/3570     0.114     0.081      4.07    0.0531      4.32        86     0.922      0.734      0.691      0.786
  11/199   3570/3570     0.114     0.081      4.05    0.0533       4.3        60      0.86      0.739      0.679      0.791
  12/199   3570/3570     0.113    0.0797      4.03    0.0521      4.28        60      1.31      0.739      0.704      0.787
  13/199   3570/3570     0.113    0.0794      4.03    0.0524      4.27       104      0.78      0.737      0.674      0.793
  14/199   3570/3570     0.112    0.0786      3.99    0.0519      4.23        57     0.768      0.741      0.701      0.788
  15/199   3570/3570     0.111    0.0784      3.99    0.0522      4.23        88      0.83      0.745      0.661        0.8
  16/199   3570/3570     0.111    0.0785      3.99    0.0517      4.23        96      1.55      0.739      0.698      0.788
  17/199   3570/3570     0.111    0.0776      3.96    0.0509       4.2       136     0.848      0.742      0.704      0.789
  18/199   3570/3570      0.11    0.0774      3.92    0.0509      4.16        33     0.896      0.744      0.682        0.8
  19/199   3570/3570      0.11    0.0773      3.92    0.0503      4.15        88     0.955      0.751      0.683      0.804
  20/199   3570/3570     0.109    0.0765       3.9      0.05      4.13        51     0.754      0.738      0.726      0.783
  21/199   3570/3570     0.109    0.0761      3.88    0.0494      4.12        98     0.727      0.744       0.69      0.794
  22/199   3570/3570     0.109    0.0756      3.86    0.0487       4.1        73      1.48      0.741      0.675      0.794
  23/199   3570/3570     0.108    0.0753      3.85    0.0492      4.08        71     0.876      0.752      0.696        0.8
  24/199   3570/3570     0.108    0.0751      3.84    0.0485      4.07        60      1.23      0.746      0.705      0.794
  25/199   3570/3570     0.107    0.0745      3.82    0.0482      4.05        51     0.985       0.74      0.722      0.781
  26/199   3570/3570     0.107    0.0748      3.83    0.0486      4.06        76     0.984      0.744      0.704       0.79
  27/199   3570/3570     0.107    0.0742      3.81    0.0481      4.04        90     0.905      0.752      0.674      0.805
  28/199   3570/3570     0.107    0.0739      3.81    0.0477      4.04        56      1.42      0.741      0.714      0.786
  29/199   3570/3570     0.106    0.0736      3.78     0.048      4.01        69     0.722      0.748      0.694        0.8
  30/199   3570/3570     0.105    0.0732      3.77    0.0467      3.99        54     0.817       0.75      0.691      0.797
  31/199   3570/3570     0.105     0.073      3.75    0.0472      3.97        73      0.74      0.758      0.678      0.812
  32/199   3570/3570     0.105    0.0731      3.76    0.0477      3.99        60     0.792      0.748      0.714      0.793
  33/199   3570/3570     0.104    0.0724      3.74    0.0467      3.96        78     0.728      0.756      0.702      0.804
  34/199   3570/3570     0.105    0.0725      3.73    0.0464      3.96        45      0.78      0.755      0.708      0.803
  35/199   3570/3570     0.104    0.0715      3.71    0.0459      3.94        44     0.696      0.754      0.706      0.803
  36/199   3570/3570     0.104    0.0717      3.72    0.0464      3.95        45     0.751      0.757      0.695      0.806
  37/199   3570/3570     0.103    0.0716      3.68    0.0457      3.91        34     0.709      0.753       0.69      0.803
  38/199   3570/3570     0.103    0.0715       3.7    0.0459      3.92        99     0.835      0.757      0.698      0.806
  39/199   3570/3570     0.103    0.0712      3.69    0.0452      3.91        75     0.726      0.757      0.698      0.806
  40/199   3570/3570     0.103    0.0709      3.67    0.0458      3.89        42      1.23      0.755      0.712      0.801
  41/199   3570/3570     0.103    0.0712      3.68    0.0459       3.9        89     0.699      0.759      0.686       0.81
  42/199   3570/3570     0.103    0.0711      3.66    0.0457      3.88        81      1.19       0.76      0.695       0.81
  43/199   3570/3570     0.102    0.0705      3.65    0.0449      3.87       100      1.05      0.759      0.701      0.806
  44/199   3570/3570     0.102    0.0701      3.63    0.0449      3.85        37      1.09      0.758      0.678       0.81
  45/199   3570/3570     0.102    0.0698      3.62    0.0445      3.84       150     0.944      0.761      0.693       0.81
  46/199   3570/3570     0.102      0.07      3.62    0.0445      3.84        50      1.22      0.756      0.709      0.804
  47/199   3570/3570     0.102    0.0697      3.61    0.0445      3.83        82     0.725      0.751      0.719      0.795
  48/199   3570/3570     0.101    0.0698       3.6    0.0447      3.82        57     0.713      0.763        0.7      0.811
  49/199   3570/3570     0.101    0.0695       3.6    0.0449      3.82        76     0.944      0.748      0.725      0.792
  50/199   3570/3570     0.101    0.0691       3.6     0.044      3.81        71     0.851      0.761      0.704      0.809
  51/199   3570/3570    0.0983    0.0664      3.44    0.0431      3.64        65     0.789      0.765      0.711      0.811
  52/199   3570/3570    0.0973    0.0653      3.39     0.042      3.59        61     0.863      0.767      0.711      0.814
  53/199   3570/3570    0.0969    0.0652      3.36    0.0418      3.57        90     0.809      0.766      0.709      0.812
  54/199   3570/3570    0.0966    0.0647      3.36    0.0409      3.56        77     0.797      0.767      0.711      0.813
  55/199   3570/3570    0.0963    0.0647      3.33    0.0408      3.54       111      1.13      0.766      0.712      0.812
  56/199   3570/3570    0.0958    0.0642      3.33    0.0409      3.53        73     0.839      0.767      0.717      0.811
  57/199   3570/3570    0.0958     0.064      3.31    0.0408      3.51        97     0.769      0.765      0.715      0.809
  58/199   3570/3570    0.0956     0.064       3.3     0.041       3.5        68      0.77      0.768      0.709      0.815
  59/199   3570/3570    0.0957    0.0643       3.3    0.0408       3.5        44     0.681      0.769      0.708      0.816
  60/199   3570/3570    0.0955    0.0638      3.29    0.0407      3.49       123     0.792      0.765      0.716       0.81
  61/199   3570/3570    0.0951    0.0639      3.28    0.0406      3.48        64     0.858      0.768      0.717      0.812
  62/199   3570/3570    0.0954    0.0637      3.28    0.0402      3.48        60      0.86      0.768      0.714      0.814
  63/199   3570/3570    0.0951    0.0638      3.26    0.0406      3.46       125     0.826      0.769      0.709      0.816
  64/199   3570/3570     0.095    0.0637      3.26    0.0402      3.46        44     0.982      0.768      0.716      0.813
  65/199   3570/3570    0.0948    0.0637      3.26    0.0399      3.46       129     0.807       0.77      0.708      0.816
  66/199   3570/3570    0.0949    0.0636      3.26      0.04      3.46        77     0.908      0.771      0.707      0.819
  67/199   3570/3570    0.0945    0.0633      3.25      0.04      3.45        93     0.901      0.769      0.701      0.817
  68/199   3570/3570    0.0947    0.0635      3.25    0.0401      3.45        45     0.797       0.77      0.713      0.815
