   0/199   3570/3570     0.157     0.165      13.2    0.0948      13.6        80      1.54      0.659      0.647       0.71
   1/199   3570/3570     0.147      0.16      13.4    0.0898      13.8       131      1.34       0.69      0.655      0.743
   2/199   3570/3570     0.139      0.15      12.8    0.0831      13.2        82      1.13      0.696      0.658      0.748
   3/199   3570/3570     0.135     0.144      12.5    0.0797      12.9        96     0.786      0.713      0.696      0.758
   4/199   3570/3570     0.132      0.14      12.3    0.0776      12.6       112     0.816      0.717      0.668      0.768
   5/199   3570/3570     0.129     0.136      12.1    0.0747      12.5        40     0.725       0.72      0.663       0.77
   6/199   3570/3570     0.127     0.134        12     0.073      12.3        62      1.31      0.727       0.67      0.776
   7/199   3570/3570     0.125      0.13      11.8    0.0706      12.1        42      0.75      0.706        0.7       0.75
   8/199   3570/3570     0.124     0.128      11.7    0.0696        12        99     0.931      0.732      0.657      0.786
   9/199   3570/3570     0.123     0.126      11.6      0.07      11.9        39      1.42      0.728      0.682      0.775
  10/199   3570/3570     0.122     0.124      11.4    0.0681      11.8        86     0.903      0.735      0.681      0.782
  11/199   3570/3570      0.12     0.123      11.4    0.0678      11.7        60     0.912      0.736      0.683      0.784
  12/199   3570/3570     0.119     0.121      11.3    0.0665      11.6        60      1.32      0.741      0.693      0.789
  13/199   3570/3570     0.119     0.121      11.3    0.0665      11.6       104     0.776      0.741      0.663      0.793
  14/199   3570/3570     0.118      0.12      11.2    0.0655      11.5        57     0.678      0.738      0.692      0.782
  15/199   3570/3570     0.117     0.119      11.1    0.0655      11.4        88     0.791      0.748      0.688      0.795
  16/199   3570/3570     0.116     0.118      11.1     0.065      11.4        96      1.55      0.743      0.697      0.785
  17/199   3570/3570     0.116     0.117        11    0.0641      11.3       136     0.807      0.746      0.708       0.79
  18/199   3570/3570     0.115     0.116        11    0.0641      11.2        33      0.89      0.752      0.689      0.801
  19/199   3570/3570     0.115     0.115      10.9     0.063      11.2        88     0.996      0.724      0.717      0.765
  20/199   3570/3570     0.115     0.114      10.8    0.0629      11.1        51     0.772      0.744      0.717      0.785
  21/199   3570/3570     0.114     0.113      10.8    0.0626        11        98     0.766      0.749      0.704      0.793
  22/199   3570/3570     0.113     0.113      10.7    0.0615        11        73      1.46      0.747      0.673      0.798
  23/199   3570/3570     0.113     0.112      10.7    0.0612        11        71     0.875      0.753      0.699      0.795
  24/199   3570/3570     0.112     0.111      10.6     0.061      10.9        60      1.18      0.752      0.704      0.795
  25/199   3570/3570     0.112     0.111      10.6     0.061      10.9        51     0.983       0.74      0.744      0.775
  26/199   3570/3570     0.111      0.11      10.6    0.0602      10.9        76     0.963      0.749      0.728      0.787
  27/199   3570/3570     0.111      0.11      10.5      0.06      10.8        90     0.886      0.757      0.708      0.799
  28/199   3570/3570     0.111      0.11      10.5    0.0597      10.8        56      1.47      0.744      0.719      0.785
  29/199   3570/3570      0.11     0.109      10.5    0.0603      10.7        69     0.705      0.757        0.7      0.801
  30/199   3570/3570      0.11     0.108      10.4    0.0591      10.7        54     0.788      0.757      0.704      0.799
  31/199   3570/3570     0.109     0.107      10.4    0.0586      10.6        73     0.736      0.764      0.698       0.81
  32/199   3570/3570     0.109     0.107      10.4     0.059      10.6        60      0.79      0.756      0.719      0.796
  33/199   3570/3570     0.108     0.106      10.3     0.058      10.6        78     0.747      0.756       0.69      0.802
  34/199   3570/3570     0.109     0.107      10.3    0.0581      10.5        45     0.708      0.757      0.718      0.797
  35/199   3570/3570     0.108     0.105      10.2    0.0574      10.5        44     0.753      0.761      0.714      0.803
  36/199   3570/3570     0.108     0.105      10.2    0.0574      10.5        45     0.749      0.763      0.715      0.804
  37/199   3570/3570     0.107     0.105      10.1    0.0569      10.4        34      0.74      0.762      0.696      0.807
  38/199   3570/3570     0.107     0.105      10.2     0.057      10.4        99     0.829      0.764      0.701       0.81
  39/199   3570/3570     0.107     0.104      10.1    0.0567      10.4        75     0.771      0.761      0.713      0.802
  40/199   3570/3570     0.107     0.104      10.1    0.0572      10.3        42      1.18      0.759      0.743      0.795
  41/199   3570/3570     0.107     0.104      10.1    0.0569      10.4        89     0.736      0.762      0.708      0.805
  42/199   3570/3570     0.106     0.103        10    0.0566      10.3        81      1.15      0.766      0.696      0.811
  43/199   3570/3570     0.106     0.103        10    0.0565      10.3       100      1.08      0.759      0.733      0.796
  44/199   3570/3570     0.106     0.102      9.97     0.056      10.2        37      1.12      0.769      0.688      0.815
  45/199   3570/3570     0.105     0.101      9.91    0.0557      10.2       150      0.93      0.766      0.699       0.81
  46/199   3570/3570     0.106     0.102      9.96    0.0553      10.2        50       1.2      0.764      0.708      0.809
  47/199   3570/3570     0.105     0.102      9.87    0.0551      10.1        82     0.733       0.76      0.738      0.796
  48/199   3570/3570     0.105     0.102      9.86    0.0558      10.1        57     0.743      0.769      0.694      0.813
  49/199   3570/3570     0.104     0.101      9.86    0.0553      10.1        76     0.928      0.756      0.731      0.796
  50/199   3570/3570     0.104       0.1      9.86    0.0549      10.1        71     0.844      0.767      0.709       0.81
  51/199   3570/3570     0.101    0.0957      9.35    0.0529       9.6        65     0.716      0.775      0.729      0.813
  52/199   3570/3570    0.0997    0.0932      9.21    0.0513      9.45        61     0.861      0.774      0.729      0.813
  53/199   3570/3570    0.0993    0.0934      9.14    0.0513      9.39        90     0.827      0.774      0.732      0.811
  54/199   3570/3570    0.0988    0.0927      9.08    0.0511      9.33        77      0.76      0.777      0.722      0.816
  55/199   3570/3570    0.0985    0.0924      9.07    0.0509      9.31       111      1.12      0.776      0.725      0.816
  56/199   3570/3570    0.0979     0.092      9.01    0.0506      9.25        73     0.856      0.775      0.724      0.815
  57/199   3570/3570    0.0982    0.0919      8.98    0.0511      9.22        97      0.79      0.776      0.728      0.814
  58/199   3570/3570    0.0978    0.0919      8.97    0.0508      9.21        68     0.837      0.776      0.728      0.815
  59/199   3570/3570    0.0983    0.0917      8.93    0.0506      9.17        44     0.729      0.777      0.727      0.817
  60/199   3570/3570    0.0975    0.0911      8.92    0.0507      9.16       123       0.8      0.776      0.729      0.815
  61/199   3570/3570    0.0973     0.091      8.85    0.0504      9.09        64     0.885      0.773      0.731      0.811
  62/199   3570/3570    0.0977    0.0914      8.87    0.0505      9.11        60     0.862      0.778      0.725      0.817
  63/199   3570/3570    0.0973    0.0908      8.82    0.0505      9.06       125     0.769      0.777      0.725      0.816
  64/199   3570/3570    0.0971    0.0911       8.8    0.0502      9.04        44     0.992      0.776      0.734      0.814
  65/199   3570/3570    0.0967    0.0911      8.77    0.0499      9.01       129     0.817      0.776      0.725      0.816
  66/199   3570/3570     0.097    0.0912      8.77    0.0502         9        77     0.929      0.778      0.723      0.818
  67/199   3570/3570    0.0965    0.0905      8.78    0.0498      9.01        93      0.91      0.776      0.724      0.816
  68/199   3570/3570    0.0969    0.0908      8.81    0.0499      9.05        45     0.811      0.778      0.726      0.817
