   0/199   3570/3570     0.143     0.113      7.01    0.0672      7.33        80      1.58        0.7       0.68       0.75
   1/199   3570/3570     0.137     0.111      7.31    0.0655      7.62       131      1.37      0.711      0.688      0.757
   2/199   3570/3570     0.131     0.106      7.07    0.0613      7.37        82      1.13      0.722      0.684      0.772
   3/199   3570/3570     0.129     0.103      6.94    0.0594      7.23        96     0.766      0.726      0.685      0.775
   4/199   3570/3570     0.126       0.1      6.83    0.0581      7.11       112     0.855      0.728      0.686      0.776
   5/199   3570/3570     0.125    0.0997      6.78    0.0567      7.06        40      0.71      0.728      0.688      0.774
   6/199   3570/3570     0.124    0.0974       6.7    0.0544      6.97        62      1.31      0.741      0.657      0.793
   7/199   3570/3570     0.122    0.0958      6.62    0.0535      6.89        42     0.764      0.736      0.676      0.784
   8/199   3570/3570     0.121    0.0945      6.55     0.053      6.82        99     0.941      0.733       0.66      0.786
   9/199   3570/3570      0.12    0.0942      6.52    0.0537      6.79        39      1.41      0.731      0.703      0.776
  10/199   3570/3570     0.119    0.0932      6.46    0.0526      6.72        86      0.94      0.742      0.702      0.788
  11/199   3570/3570     0.119    0.0933      6.45    0.0524      6.72        60     0.899       0.74      0.697      0.786
  12/199   3570/3570     0.118     0.091      6.38    0.0512      6.64        60      1.29      0.739      0.707      0.783
  13/199   3570/3570     0.117    0.0911      6.37    0.0509      6.63       104     0.797      0.737      0.688      0.787
  14/199   3570/3570     0.116    0.0902       6.3    0.0509      6.56        57     0.729      0.746      0.712      0.788
  15/199   3570/3570     0.115    0.0891      6.27    0.0506      6.53        88      0.79      0.747      0.677      0.797
  16/199   3570/3570     0.115    0.0896      6.29      0.05      6.54        96      1.49      0.742      0.707      0.784
  17/199   3570/3570     0.115    0.0886      6.24    0.0493      6.49       136     0.782      0.749      0.715      0.792
  18/199   3570/3570     0.114    0.0882       6.2    0.0492      6.45        33     0.866      0.749      0.708      0.796
  19/199   3570/3570     0.114    0.0875      6.17    0.0484      6.42        88      1.08       0.76      0.698      0.805
  20/199   3570/3570     0.113    0.0871      6.14    0.0487      6.39        51     0.788      0.751      0.717      0.794
  21/199   3570/3570     0.112    0.0869       6.1    0.0484      6.35        98     0.779      0.754      0.697      0.799
  22/199   3570/3570     0.112    0.0861      6.08    0.0477      6.32        73      1.47      0.751      0.675      0.802
  23/199   3570/3570     0.112    0.0859      6.06    0.0479       6.3        71     0.841      0.759      0.701      0.802
  24/199   3570/3570     0.111    0.0856      6.03    0.0473      6.27        60      1.22       0.76      0.705      0.802
  25/199   3570/3570     0.111    0.0851      6.03    0.0475      6.28        51     0.943      0.749      0.729      0.787
  26/199   3570/3570     0.111     0.085      6.01    0.0472      6.25        76     0.968       0.75      0.736      0.789
  27/199   3570/3570      0.11    0.0846      5.97    0.0469      6.21        90     0.903      0.758      0.699      0.804
  28/199   3570/3570      0.11     0.084      5.97    0.0466      6.21        56      1.47      0.751      0.732       0.79
  29/199   3570/3570     0.109    0.0839      5.95    0.0468      6.19        69     0.685      0.759      0.704      0.804
  30/199   3570/3570     0.109    0.0832      5.91    0.0457      6.15        54     0.808      0.753      0.704      0.797
  31/199   3570/3570     0.108    0.0828      5.88    0.0462      6.12        73     0.757      0.765      0.693      0.813
  32/199   3570/3570     0.108    0.0828       5.9    0.0461      6.14        60     0.763      0.755      0.713      0.798
  33/199   3570/3570     0.108     0.082      5.84    0.0454      6.08        78     0.711      0.762      0.703      0.807
  34/199   3570/3570     0.108    0.0822      5.84    0.0454      6.07        45     0.708      0.759      0.723        0.8
  35/199   3570/3570     0.107    0.0813      5.83    0.0448      6.06        44     0.716      0.763      0.699       0.81
  36/199   3570/3570     0.107    0.0811      5.81    0.0449      6.04        45      0.76      0.768      0.703      0.813
  37/199   3570/3570     0.106     0.081      5.77    0.0445         6        34     0.717      0.763      0.687       0.81
  38/199   3570/3570     0.107    0.0808      5.78    0.0444      6.01        99     0.843       0.76      0.714      0.805
  39/199   3570/3570     0.106    0.0811      5.77    0.0443         6        75     0.784      0.757      0.706        0.8
  40/199   3570/3570     0.106    0.0806      5.74     0.045      5.97        42      1.25      0.758      0.741      0.795
  41/199   3570/3570     0.106    0.0805      5.75    0.0445      5.98        89     0.709      0.764      0.705      0.809
  42/199   3570/3570     0.106    0.0805      5.71    0.0448      5.95        81      1.14      0.767       0.69      0.815
  43/199   3570/3570     0.105      0.08      5.71    0.0439      5.94       100      1.05       0.76      0.724      0.801
  44/199   3570/3570     0.105    0.0793      5.66    0.0436      5.89        37       1.1      0.767      0.684      0.816
  45/199   3570/3570     0.105    0.0794      5.67    0.0435      5.89       150      1.04      0.769      0.705      0.814
  46/199   3570/3570     0.105    0.0794      5.67    0.0435      5.89        50      1.21      0.768      0.723      0.811
  47/199   3570/3570     0.105    0.0788      5.64    0.0431      5.86        82     0.709      0.759      0.746      0.794
  48/199   3570/3570     0.105    0.0792      5.62    0.0434      5.84        57     0.751      0.764      0.708      0.806
  49/199   3570/3570     0.104    0.0786      5.62    0.0434      5.85        76     0.962      0.749      0.746      0.785
  50/199   3570/3570     0.104    0.0786      5.61    0.0429      5.84        71     0.808      0.768      0.719      0.811
  51/199   3570/3570     0.101    0.0749      5.33    0.0416      5.55        65     0.778      0.773      0.728      0.813
  52/199   3570/3570    0.0995    0.0735      5.25    0.0406      5.46        61     0.837      0.774      0.726      0.814
  53/199   3570/3570    0.0992    0.0734      5.21    0.0402      5.42        90     0.807      0.776       0.73      0.815
  54/199   3570/3570    0.0985    0.0729      5.19    0.0398       5.4        77     0.755      0.775      0.724      0.816
  55/199   3570/3570    0.0982    0.0727      5.17    0.0399      5.38       111      1.13      0.776      0.729      0.816
  56/199   3570/3570    0.0978    0.0725      5.14    0.0396      5.35        73     0.842      0.775      0.729      0.814
  57/199   3570/3570    0.0978    0.0723      5.11    0.0398      5.32        97     0.706      0.774      0.734      0.812
  58/199   3570/3570    0.0975    0.0722       5.1      0.04      5.31        68      0.82      0.777      0.731      0.817
  59/199   3570/3570    0.0977    0.0723      5.09    0.0393       5.3        44     0.686      0.777      0.728      0.817
  60/199   3570/3570    0.0975    0.0718      5.09    0.0397       5.3       123     0.803      0.777      0.732      0.816
  61/199   3570/3570    0.0972     0.072      5.05      0.04      5.26        64     0.832      0.774      0.737      0.812
  62/199   3570/3570    0.0975    0.0718      5.06    0.0394      5.27        60     0.907      0.778      0.725      0.818
  63/199   3570/3570    0.0971    0.0716      5.03    0.0397      5.24       125     0.777      0.777      0.726      0.817
  64/199   3570/3570    0.0969    0.0717      5.03     0.039      5.24        44      0.98      0.776      0.734      0.815
  65/199   3570/3570    0.0966    0.0717      5.02    0.0391      5.23       129     0.783      0.779      0.728      0.819
  66/199   3570/3570    0.0967    0.0718      5.01    0.0392      5.22        77     0.966      0.779       0.72      0.821
  67/199   3570/3570    0.0963    0.0713      5.01    0.0388      5.22        93     0.855      0.776      0.723      0.817
  68/199   3570/3570    0.0966    0.0716      5.02    0.0391      5.22        45     0.812       0.78      0.727       0.82
