   0/199   1328/1328     0.172    0.0849      1.82         0      2.08        54     0.366      0.719      0.822      0.752
   1/199   1328/1328     0.142    0.0756      1.71         0      1.93       100     0.453      0.772       0.77      0.801
   2/199   1328/1328     0.125    0.0678      1.54         0      1.73       140     0.408      0.807      0.836      0.826
   3/199   1328/1328     0.117    0.0641      1.47         0      1.66        49     0.343      0.802      0.809      0.831
   4/199   1328/1328     0.113    0.0614      1.41         0      1.58        96     0.377      0.847      0.816      0.868
   5/199   1328/1328     0.109    0.0573      1.36         0      1.52        47     0.339      0.843      0.871      0.859
   6/199   1328/1328     0.105    0.0556      1.31         0      1.47        89     0.428      0.838      0.865      0.852
   7/199   1328/1328     0.104    0.0537      1.28         0      1.44        81     0.414      0.825       0.86      0.841
   8/199   1328/1328     0.102    0.0527      1.26         0      1.41        60     0.365      0.852      0.851      0.869
   9/199   1328/1328       0.1    0.0524      1.24         0      1.39        83     0.415      0.853      0.858       0.87
  10/199   1328/1328    0.0991     0.051      1.21         0      1.36       166     0.418       0.85      0.863      0.867
  11/199   1328/1328    0.0971    0.0499       1.2         0      1.34       121     0.415      0.849      0.887      0.862
  12/199   1328/1328    0.0952    0.0494      1.18         0      1.32        67     0.416      0.869      0.858      0.884
  13/199   1328/1328    0.0945    0.0479      1.16         0       1.3        66     0.353      0.866      0.868      0.881
  14/199   1328/1328    0.0927     0.048      1.15         0      1.29        70     0.379      0.869      0.865      0.884
  15/199   1328/1328    0.0917    0.0469      1.13         0      1.27        52     0.374      0.856      0.867       0.87
  16/199   1328/1328    0.0906    0.0466      1.11         0      1.25        51     0.344      0.855        0.9      0.867
  17/199   1328/1328      0.09    0.0451       1.1         0      1.23       123     0.413       0.74      0.898      0.751
  18/199   1328/1328     0.089    0.0446      1.09         0      1.22        88     0.377      0.864      0.899      0.877
  19/199   1328/1328    0.0883    0.0444      1.08         0      1.21       118     0.377      0.879      0.872      0.893
  20/199   1328/1328    0.0871    0.0438      1.06         0      1.19        47     0.378      0.882      0.884      0.895
  21/199   1328/1328    0.0861    0.0427      1.04         0      1.17       111     0.405       0.88      0.883      0.894
  22/199   1328/1328    0.0861    0.0425      1.04         0      1.17        97     0.377      0.864      0.906      0.874
  23/199   1328/1328    0.0856    0.0426      1.04         0      1.17        49     0.389      0.886      0.877        0.9
  24/199   1328/1328    0.0851    0.0422      1.03         0      1.16        85     0.387      0.884      0.904      0.895
  25/199   1328/1328    0.0842    0.0409      1.01         0      1.14        74     0.404      0.885      0.894      0.897
  26/199   1328/1328    0.0826    0.0414     0.997         0      1.12        81     0.414      0.877      0.901      0.888
  27/199   1328/1328    0.0827    0.0406     0.989         0      1.11       107     0.404      0.787      0.924      0.796
  28/199   1328/1328     0.082    0.0401      0.98         0       1.1        41     0.333      0.847      0.907      0.859
  29/199   1328/1328    0.0816    0.0403     0.974         0       1.1        42     0.358       0.88      0.877      0.894
  30/199   1328/1328    0.0805    0.0397     0.969         0      1.09        85     0.365      0.877      0.918      0.888
  31/199   1328/1328    0.0804    0.0395     0.958         0      1.08       149     0.418      0.794      0.927      0.803
  32/199   1328/1328      0.08    0.0393      0.96         0      1.08       127     0.379      0.887      0.901      0.899
  33/199   1328/1328    0.0793    0.0384     0.957         0      1.07       103     0.416      0.893      0.897      0.906
  34/199   1328/1328    0.0798    0.0387      0.94         0      1.06        47     0.366      0.873      0.911      0.883
  35/199   1328/1328    0.0785    0.0381     0.937         0      1.05       149      0.42      0.886      0.915      0.896
  36/199   1328/1328    0.0783     0.038     0.937         0      1.05        72     0.403      0.877      0.915      0.888
  37/199   1328/1328    0.0772    0.0376     0.924         0      1.04        53     0.391      0.886      0.916      0.896
  38/199   1328/1328    0.0778    0.0378     0.924         0      1.04       109     0.385      0.875      0.916      0.884
  39/199   1328/1328     0.077     0.037     0.918         0      1.03        63      0.37      0.874      0.922      0.884
  40/199   1328/1328    0.0768    0.0369     0.903         0      1.02        68     0.381      0.894      0.911      0.904
  41/199   1328/1328    0.0756    0.0369     0.906         0      1.02        82     0.374      0.898      0.909      0.908
  42/199   1328/1328    0.0755    0.0362     0.895         0      1.01        73     0.366      0.792      0.927      0.801
  43/199   1328/1328    0.0749    0.0357     0.892         0         1       126     0.375      0.893      0.906      0.903
  44/199   1328/1328    0.0747    0.0358     0.886         0     0.996        93     0.412      0.863      0.933      0.871
  45/199   1328/1328    0.0744    0.0357     0.886         0     0.996        59     0.401      0.893      0.922      0.901
  46/199   1328/1328    0.0744    0.0357     0.893         0         1        44     0.335      0.894      0.917      0.905
  47/199   1328/1328    0.0733    0.0348     0.892         0         1        59     0.399      0.893      0.908      0.903
  48/199   1328/1328    0.0732    0.0356      0.87         0     0.979        89     0.434      0.885      0.917      0.895
  49/199   1328/1328    0.0734    0.0355     0.861         0      0.97        95     0.429      0.898      0.917      0.907
  50/199   1328/1328    0.0733    0.0351     0.861         0     0.969        69     0.345      0.895       0.92      0.904
  51/199   1328/1328     0.069    0.0327     0.803         0     0.904        97     0.426      0.891      0.922        0.9
  52/199   1328/1328    0.0681    0.0316     0.781         0     0.881       107     0.425      0.896       0.92      0.905
  53/199   1328/1328    0.0676    0.0316     0.771         0     0.871        49     0.367      0.892      0.927      0.901
  54/199   1328/1328    0.0671    0.0312     0.757         0     0.855        57     0.337      0.898      0.922      0.907
  55/199   1328/1328    0.0671    0.0312     0.755         0     0.853        38      0.31       0.89      0.927      0.898
  56/199   1328/1328    0.0664    0.0309     0.748         0     0.845       112     0.409      0.897      0.923      0.905
  57/199   1328/1328    0.0667    0.0311     0.748         0     0.846        76     0.392      0.897      0.923      0.906
  58/199   1328/1328    0.0666    0.0311     0.741         0     0.839        69     0.402      0.897      0.923      0.906
  59/199   1328/1328    0.0663    0.0306      0.74         0     0.837        70     0.353      0.897      0.924      0.906
  60/199   1328/1328     0.066     0.031     0.743         0      0.84        52     0.421      0.892      0.925      0.901
  61/199   1328/1328     0.066    0.0307     0.732         0     0.829       143     0.425        0.9      0.927      0.908
  62/199   1328/1328    0.0656    0.0306     0.732         0     0.828       107     0.424      0.894      0.926      0.903
  63/199   1328/1328    0.0653    0.0305     0.722         0     0.818        70     0.422        0.9      0.925      0.909
  64/199   1328/1328    0.0652    0.0304     0.732         0     0.828       103     0.412        0.9      0.925      0.909
  65/199   1328/1328    0.0654    0.0306     0.727         0     0.823        41     0.371        0.9      0.925      0.909
  66/199   1328/1328    0.0654    0.0302     0.725         0      0.82       118     0.383        0.9      0.923      0.909
  67/199   1328/1328    0.0651    0.0305     0.723         0     0.819        96     0.375      0.901      0.924       0.91
  68/199   1328/1328    0.0652    0.0301     0.719         0     0.814       108     0.347      0.901      0.928       0.91
  69/199   1328/1328    0.0647    0.0299     0.724         0     0.819       131     0.416      0.901      0.928       0.91
  70/199   1328/1328    0.0647    0.0298     0.716         0      0.81       106      0.42      0.901      0.928       0.91
  71/199   1328/1328    0.0649    0.0299     0.714         0     0.809        42     0.374      0.903      0.926      0.911
  72/199   1328/1328    0.0644    0.0301      0.71         0     0.805       110     0.379      0.902      0.927      0.911
  73/199   1328/1328    0.0642    0.0297     0.716         0      0.81        37     0.373      0.901      0.928      0.909
  74/199   1328/1328    0.0641    0.0297     0.713         0     0.807        55     0.299        0.9       0.93      0.908
  75/199   1328/1328     0.064    0.0297     0.709         0     0.802       106     0.391      0.902      0.926       0.91
  76/199   1328/1328    0.0641    0.0297     0.714         0     0.808        52     0.371        0.9      0.924      0.909
  77/199   1328/1328    0.0635    0.0299     0.701         0     0.794       108     0.372      0.901      0.928       0.91
  78/199   1328/1328    0.0637    0.0298     0.703         0     0.797        57     0.373      0.904      0.927      0.912
  79/199   1328/1328    0.0638    0.0296     0.701         0     0.794        43     0.408        0.9      0.927      0.909
  80/199   1328/1328    0.0639    0.0298     0.708         0     0.801        82     0.418      0.902      0.926       0.91
  81/199   1328/1328    0.0634    0.0296     0.704         0     0.797        86     0.422      0.901      0.929      0.909
  82/199   1328/1328    0.0637    0.0295     0.693         0     0.786       103     0.412      0.901      0.929      0.909
  83/199   1328/1328     0.064    0.0296     0.695         0     0.788        99     0.414        0.9       0.93      0.909
  84/199   1328/1328    0.0636    0.0294       0.7         0     0.794        97     0.372      0.899      0.926      0.908
  85/199   1328/1328    0.0632    0.0296     0.691         0     0.784        81     0.365      0.901      0.928      0.909
  86/199   1328/1328    0.0635    0.0293     0.692         0     0.785        91     0.373      0.902      0.927      0.911
  87/199   1328/1328    0.0637    0.0296     0.699         0     0.792        52      0.37      0.901      0.928      0.909
  88/199   1328/1328    0.0635    0.0296     0.695         0     0.788        56     0.405        0.9      0.932      0.908
  89/199   1328/1328    0.0637    0.0294      0.69         0     0.783        64     0.331      0.901      0.932      0.909
  90/199   1328/1328    0.0633    0.0294     0.693         0     0.786       154     0.418      0.898      0.932      0.907
  91/199   1328/1328    0.0626    0.0291     0.684         0     0.776       122     0.381        0.9      0.927      0.908
  92/199   1328/1328    0.0633    0.0292     0.691         0     0.783       104     0.388        0.9      0.928      0.909
  93/199   1328/1328    0.0628     0.029      0.69         0     0.782       106     0.421      0.901      0.926       0.91
  94/199   1328/1328    0.0626    0.0291     0.686         0     0.778        32     0.383        0.9      0.928      0.908
  95/199   1328/1328    0.0628    0.0292     0.681         0     0.773       106     0.407      0.898      0.931      0.906
  96/199   1328/1328    0.0631    0.0291     0.689         0     0.781        87     0.386      0.901      0.927      0.909
  97/199   1328/1328    0.0626    0.0292      0.69         0     0.781        85     0.413        0.9      0.928      0.909
  98/199   1328/1328    0.0627    0.0291     0.687         0     0.779       124     0.454      0.901      0.925       0.91
  99/199   1328/1328    0.0626    0.0292     0.685         0     0.777       108      0.41      0.901       0.93      0.909
 100/199   1328/1328    0.0624    0.0293      0.68         0     0.772        91     0.401        0.9      0.926      0.908
 101/199   1328/1328    0.0621    0.0288      0.68         0     0.771        54     0.329      0.901      0.927      0.909
 102/199   1328/1328    0.0622    0.0292     0.684         0     0.775        93     0.402        0.9      0.928      0.909
 103/199   1328/1328    0.0619    0.0288     0.679         0      0.77        92     0.355      0.902      0.926      0.911
