   0/199     332/332     0.268      1.31       155         0       157        54      3.78     0.0266      0.026     0.0847
   1/199     332/332     0.246     0.163      4.33         0      4.74       100     0.435      0.381      0.367      0.711
   2/199     332/332      0.22    0.0979      3.14         0      3.46       140     0.356      0.379      0.387      0.634
   3/199     332/332     0.195    0.0904       2.9         0      3.19        49     0.297      0.459      0.436      0.705
   4/199     332/332     0.178     0.085      2.71         0      2.97        88     0.321      0.449      0.482      0.628
   5/199     332/332     0.167    0.0799      2.58         0      2.83        47     0.287      0.543      0.479       0.76
   6/199     332/332     0.158    0.0773      2.49         0      2.72        86     0.378      0.534      0.541      0.699
   7/199     332/332     0.151    0.0758      2.43         0      2.66        80     0.363       0.52      0.557       0.67
   8/199     332/332     0.145    0.0727      2.37         0      2.59        60     0.322      0.491      0.568      0.629
   9/199     332/332      0.14    0.0714      2.32         0      2.53        83     0.379      0.579      0.602      0.718
  10/199     332/332     0.136    0.0703      2.27         0      2.48       166     0.409      0.582      0.576      0.769
  11/199     332/332     0.133    0.0699      2.25         0      2.45       120     0.378      0.558      0.593      0.704
  12/199     332/332      0.13    0.0684      2.21         0      2.41        67     0.359      0.584      0.618      0.735
  13/199     332/332     0.128    0.0668      2.16         0      2.36        66     0.286      0.601      0.597      0.781
  14/199     332/332     0.125    0.0659      2.13         0      2.32        70     0.327      0.507      0.618      0.619
  15/199     332/332     0.124    0.0664      2.09         0      2.28        47     0.342      0.659       0.58      0.834
  16/199     332/332     0.121    0.0646      2.06         0      2.24        51     0.299      0.636      0.622      0.802
  17/199     332/332     0.119    0.0634      2.04         0      2.23       120     0.393      0.455      0.627      0.548
  18/199     332/332     0.118     0.064      2.02         0       2.2        88     0.343      0.667      0.628      0.823
  19/199     332/332     0.116    0.0624      1.98         0      2.16       118     0.358      0.672      0.628      0.825
  20/199     332/332     0.115    0.0615      1.97         0      2.15        43     0.351      0.566      0.657      0.673
  21/199     332/332     0.114    0.0606      1.94         0      2.11       111     0.375      0.674      0.634      0.825
  22/199     332/332     0.112    0.0607      1.93         0       2.1        96     0.344      0.672      0.636      0.828
  23/199     332/332     0.111    0.0598       1.9         0      2.07        49     0.307      0.693      0.602       0.85
  24/199     332/332      0.11    0.0603       1.9         0      2.07        84     0.329      0.677       0.64      0.827
  25/199     332/332      0.11    0.0597      1.88         0      2.05        74     0.368      0.698      0.632      0.843
  26/199     332/332     0.108    0.0592      1.87         0      2.04        78     0.396      0.651       0.68      0.783
  27/199     332/332     0.107    0.0582      1.84         0      2.01       105     0.355      0.658      0.662      0.789
  28/199     332/332     0.106    0.0579      1.82         0      1.99        40     0.289        0.7      0.671      0.836
  29/199     332/332     0.106     0.057      1.81         0      1.98        42     0.334      0.694      0.653      0.843
  30/199     332/332     0.105    0.0569       1.8         0      1.97        84     0.329      0.704      0.677      0.842
  31/199     332/332     0.105    0.0565      1.79         0      1.95       148     0.394      0.614      0.712      0.708
  32/199     332/332     0.104    0.0555      1.78         0      1.94       122     0.335      0.693      0.674      0.834
  33/199     332/332     0.104    0.0547      1.76         0      1.92       103      0.39      0.655       0.71      0.751
  34/199     332/332     0.103    0.0551      1.76         0      1.91        46     0.331      0.715      0.702      0.831
  35/199     332/332     0.102    0.0546      1.76         0      1.91       149     0.404      0.733      0.694      0.851
  36/199     332/332     0.102    0.0548      1.75         0       1.9        72     0.474      0.717      0.685      0.848
  37/199     332/332     0.101    0.0547      1.71         0      1.87        52     0.376      0.727      0.692      0.845
  38/199     332/332       0.1    0.0541      1.73         0      1.88       109     0.358      0.707      0.698      0.825
  39/199     332/332    0.0996    0.0536      1.69         0      1.85        63     0.324      0.728      0.697      0.848
  40/199     332/332    0.0991    0.0532      1.69         0      1.84        68     0.333      0.725      0.711       0.84
  41/199     332/332    0.0981    0.0523      1.68         0      1.83        80     0.332      0.733      0.699      0.853
  42/199     332/332    0.0984    0.0524      1.67         0      1.82        73     0.339      0.723       0.69      0.853
  43/199     332/332    0.0976    0.0523      1.66         0      1.81       125     0.329      0.736        0.7      0.855
  44/199     332/332    0.0973    0.0517      1.65         0       1.8        93      0.37      0.716      0.718      0.831
  45/199     332/332    0.0962    0.0517      1.65         0       1.8        55      0.36      0.733      0.681      0.863
  46/199     332/332    0.0968    0.0519      1.65         0      1.79        44     0.295      0.736      0.708      0.851
  47/199     332/332    0.0956    0.0516      1.63         0      1.77        57     0.367      0.742      0.713      0.851
  48/199     332/332    0.0946    0.0505      1.62         0      1.77        83     0.394      0.706      0.735      0.813
  49/199     332/332     0.095    0.0508      1.61         0      1.76        95     0.376       0.73      0.712      0.847
  50/199     332/332    0.0944    0.0501      1.61         0      1.75        69     0.279      0.744      0.716      0.857
  51/199     332/332    0.0928    0.0484       1.5         0      1.64        97     0.363      0.748      0.719       0.86
  52/199     332/332    0.0916    0.0475      1.47         0      1.61       107     0.355      0.747      0.722      0.859
  53/199     332/332     0.091    0.0477      1.46         0      1.59        47     0.312      0.747      0.724       0.86
  54/199     332/332    0.0903     0.047      1.44         0      1.58        54     0.289      0.753      0.717      0.867
  55/199     332/332    0.0913    0.0465      1.43         0      1.57        38     0.258      0.753      0.726      0.865
  56/199     332/332      0.09    0.0462      1.43         0      1.56       110     0.371      0.754      0.725      0.864
  57/199     332/332    0.0902    0.0466      1.42         0      1.56        70     0.317      0.753       0.73      0.862
  58/199     332/332    0.0903    0.0466      1.41         0      1.55        67     0.357      0.756      0.722      0.869
  59/199     332/332    0.0892    0.0461      1.41         0      1.54        69     0.278      0.759      0.728      0.868
  60/199     332/332     0.089    0.0464      1.41         0      1.55        50     0.356      0.759      0.729      0.868
  61/199     332/332    0.0898     0.046      1.39         0      1.53       143     0.368      0.762      0.731       0.87
  62/199     332/332    0.0891    0.0461      1.39         0      1.53       107     0.354      0.762      0.723      0.872
  63/199     332/332    0.0895     0.046       1.4         0      1.53        68     0.407      0.761       0.73      0.871
  64/199     332/332    0.0898     0.046      1.38         0      1.52       103     0.359      0.764      0.731      0.871
  65/199     332/332    0.0893    0.0462      1.41         0      1.54        41     0.313      0.762      0.736       0.87
  66/199     332/332    0.0893    0.0458      1.38         0      1.52       117     0.329      0.759      0.735      0.868
  67/199     332/332    0.0892    0.0461      1.38         0      1.51        94      0.31       0.76      0.734       0.87
  68/199     332/332    0.0887    0.0459      1.37         0       1.5       108     0.279      0.765      0.732      0.874
  69/199     332/332    0.0883    0.0457      1.35         0      1.49       127     0.359      0.767      0.737      0.872
  70/199     332/332    0.0886    0.0459      1.36         0       1.5       106     0.394      0.767      0.729      0.876
  71/199     332/332    0.0882    0.0462      1.38         0      1.51        42     0.318      0.772      0.739      0.877
  72/199     332/332    0.0882    0.0462      1.36         0       1.5       110     0.339       0.77      0.733      0.875
  73/199     332/332    0.0881    0.0453      1.36         0      1.49        37     0.314      0.765      0.732      0.872
  74/199     332/332    0.0882    0.0454      1.37         0      1.51        55     0.264      0.769      0.736      0.876
  75/199     332/332     0.088    0.0458      1.36         0      1.49       106     0.326      0.767      0.738      0.871
  76/199     332/332    0.0882    0.0455      1.35         0      1.48        51     0.326      0.769      0.744      0.874
  77/199     332/332    0.0879    0.0454      1.34         0      1.47       107     0.333      0.765      0.744       0.87
  78/199     332/332    0.0876    0.0447      1.34         0      1.48        57     0.323      0.769      0.737      0.877
  79/199     332/332    0.0884    0.0456      1.35         0      1.48        43     0.358       0.77      0.742      0.874
  80/199     332/332    0.0877    0.0454      1.35         0      1.49        82      0.37      0.772      0.739      0.876
  81/199     332/332    0.0873     0.045      1.34         0      1.47        84     0.379      0.766      0.741      0.871
  82/199     332/332    0.0876    0.0455      1.33         0      1.47       102     0.351      0.767      0.737      0.871
  83/199     332/332    0.0871    0.0449      1.34         0      1.48        97      0.37       0.77      0.741       0.87
  84/199     332/332    0.0872    0.0448      1.34         0      1.47        95     0.314      0.773      0.741      0.872
  85/199     332/332    0.0874    0.0453      1.33         0      1.47        80     0.312      0.775      0.746      0.875
  86/199     332/332    0.0873    0.0451      1.34         0      1.47        90     0.326      0.774      0.743      0.874
  87/199     332/332    0.0872    0.0449      1.33         0      1.46        51     0.322      0.775      0.749      0.871
  88/199     332/332     0.087    0.0448      1.33         0      1.46        53     0.364      0.776       0.74      0.876
  89/199     332/332    0.0871     0.045      1.34         0      1.47        64     0.265      0.772      0.742      0.875
  90/199     332/332    0.0872    0.0453      1.34         0      1.47       154     0.367      0.773      0.746      0.874
  91/199     332/332    0.0867    0.0447      1.32         0      1.45       119      0.32      0.773       0.74      0.877
  92/199     332/332     0.087    0.0447      1.32         0      1.46       104     0.314      0.772      0.745      0.875
  93/199     332/332    0.0864    0.0449      1.32         0      1.46       104     0.371      0.778      0.746      0.877
  94/199     332/332    0.0867    0.0444      1.31         0      1.45        30     0.321      0.776      0.744      0.878
  95/199     332/332    0.0865    0.0444      1.32         0      1.45       106     0.334      0.778      0.745      0.881
  96/199     332/332    0.0864    0.0447      1.32         0      1.46        87     0.333      0.773      0.746      0.875
  97/199     332/332    0.0867    0.0445      1.32         0      1.45        81     0.372      0.771      0.745      0.874
  98/199     332/332    0.0869    0.0448      1.34         0      1.47       120     0.376      0.769      0.741      0.875
  99/199     332/332    0.0859    0.0444      1.32         0      1.45       108     0.396      0.773      0.743      0.875
 100/199     332/332     0.086    0.0446      1.29         0      1.42        88     0.359      0.779      0.751      0.877
 101/199     332/332    0.0863    0.0445      1.32         0      1.45        54     0.279      0.772      0.745      0.875
 102/199     332/332    0.0863    0.0446      1.32         0      1.45        93     0.355       0.78      0.747      0.879
 103/199     332/332    0.0862    0.0442      1.32         0      1.45        92     0.319      0.776      0.745      0.878
 104/199     332/332    0.0857    0.0444      1.31         0      1.44        46     0.373      0.776      0.749      0.877
 105/199     332/332    0.0858    0.0439      1.28         0      1.41        93     0.381      0.776       0.75      0.875
 106/199     332/332    0.0858    0.0442      1.31         0      1.44       122     0.327      0.778      0.748       0.88
 107/199     332/332    0.0862    0.0442      1.32         0      1.45        92     0.405      0.771      0.744      0.876
 108/199     332/332    0.0857    0.0445      1.29         0      1.42        62     0.308      0.775      0.741      0.879
 109/199     332/332     0.086    0.0441       1.3         0      1.43        62     0.282      0.778      0.749       0.88
 110/199     332/332     0.086    0.0442       1.3         0      1.44        67     0.347      0.777      0.747      0.879
 111/199     332/332    0.0853    0.0441       1.3         0      1.43        75     0.376      0.779      0.743       0.88
 112/199     332/332    0.0855    0.0444      1.29         0      1.42        61     0.363      0.778      0.749      0.877
 113/199     332/332    0.0856    0.0443       1.3         0      1.43       100      0.29      0.776      0.752      0.876
 114/199     332/332    0.0852    0.0438       1.3         0      1.43        56     0.331      0.776      0.751      0.877
 115/199     332/332    0.0855    0.0442      1.28         0      1.41        36     0.338      0.774      0.742      0.878
 116/199     332/332    0.0852    0.0439       1.3         0      1.43        75     0.375      0.772      0.749      0.873
 117/199     332/332     0.085    0.0442       1.3         0      1.43        36     0.326      0.773      0.747      0.873
 118/199     332/332    0.0851    0.0444       1.3         0      1.43       105      0.35      0.777      0.745      0.877
 119/199     332/332    0.0855    0.0437      1.29         0      1.42        65     0.365      0.771      0.747      0.871
 120/199     332/332    0.0852    0.0438      1.29         0      1.42       104     0.366       0.77      0.752      0.872
 121/199     332/332    0.0859     0.044      1.29         0      1.42        75     0.309      0.773      0.754      0.871
 122/199     332/332    0.0851    0.0437      1.27         0       1.4        76       0.4      0.774      0.754      0.873
