9 6,11, 16,35, 32,78, 57,158, 80,318, 138,463, 271,611, 0,0, 0,0,  271077.1934525602
12 5,9, 12,24, 22,50, 26,116, 48,217, 45,82, 84,154, 87,360, 149,484, 286,618, 0,0, 0,0,  236804.18516216142
15 5,8, 11,21, 18,44, 32,60, 26,115, 55,101, 103,194, 70,337, 183,530, 47,199, 113,454, 327,634, 0,0, 0,0, 0,0,  222280.3925969304
18 5,8, 10,21, 19,35, 17,72, 30,131, 51,196, 66,325, 108,204, 33,61, 148,492, 57,100, 98,446, 376,651, 223,568, 0,0, 0,0, 0,0, 0,0,  212389.13999660194
21 4,6, 8,14, 13,27, 15,64, 25,108, 23,40, 39,167, 55,99, 84,309, 35,64, 85,163, 95,470, 158,292, 53,271, 143,569, 381,654, 227,583, 0,0, 0,0, 0,0, 0,0,  191588.86978141085
24 4,6, 8,14, 13,27, 15,62, 24,102, 36,162, 34,61, 53,230, 76,139, 96,444, 23,39, 50,92, 130,539, 104,232, 175,323, 67,351, 181,631, 265,580, 417,672, 0,0, 0,0, 0,0, 0,0, 0,0,  187002.6708114145
27 3,5, 6,10, 10,17, 9,36, 15,60, 22,96, 16,28, 33,134, 34,65, 42,212, 67,139, 99,322, 108,186, 25,43, 68,424, 184,335, 52,89, 63,263, 110,501, 155,604, 402,659, 242,609, 0,0, 0,0, 0,0, 0,0, 0,0,  170558.32573245317
30 3,5, 6,10, 10,19, 11,45, 18,75, 37,178, 27,113, 17,28, 55,220, 53,103, 60,364, 83,143, 128,525, 85,265, 25,45, 136,256, 174,638, 38,67, 0,0, 93,444, 265,631, 207,374, 449,1411, 428,650, 0,0, 0,0, 0,0, 0,0, 0,0, 0,0,  174243.4539844264
33 3,5, 6,10, 9,18, 16,27, 10,42, 17,69, 24,41, 25,111, 33,62, 40,259, 38,152, 62,381, 58,210, 95,458, 48,85, 137,301, 67,122, 131,545, 82,284, 104,175, 223,375, 270,643, 449,1411, 179,631, 0,0, 435,654, 0,0, 0,0, 0,0, 0,0, 0,0, 0,0, 0,0,  168923.4806349441
36 2,3, 4,7, 7,12, 12,19, 8,31, 13,52, 19,79, 27,118, 17,30, 35,201, 58,371, 45,133, 87,502, 55,223, 80,283, 54,87, 109,378, 26,45, 78,143, 135,570, 291,446, 35,67, 124,211, 205,652, 452,1426, 176,356, 0,0, 377,702, 0,0, 0,0, 0,0, 0,0, 0,0, 0,0, 0,0, 0,0,  162045.87577719527
39 2,3, 4,6, 6,11, 8,31, 10,16, 12,52, 19,74, 32,182, 50,207, 15,25, 25,112, 52,347, 21,38, 72,266, 42,122, 79,459, 68,136, 37,73, 100,340, 30,51, 115,543, 147,240, 58,87, 98,175, 153,401, 250,666, 460,1431, 262,394, 167,624, 0,0, 416,669, 0,0, 0,0, 0,0, 0,0, 0,0, 0,0, 0,0, 0,0,  154857.93937564082
42 2,3, 3,5, 5,9, 8,13, 7,27, 12,19, 11,45, 29,134, 16,29, 38,210, 16,70, 42,83, 53,357, 50,141, 23,91, 61,228, 32,58, 87,488, 22,43, 113,227, 65,97, 32,31, 125,385, 189,278, 0,0, 86,154, 0,0, 81,320, 178,638, 445,659, 128,573, 233,445, 0,0, 272,681, 0,0, 0,0, 0,0, 0,0, 0,0, 0,0, 0,0, 0,0,  149214.65750097128
45 2,3, 3,5, 5,9, 8,13, 7,28, 12,20, 11,44, 16,65, 21,97, 34,196, 17,29, 51,216, 55,349, 30,122, 79,466, 47,131, 74,254, 22,41, 125,425, 29,58, 93,335, 40,77, 40,42, 157,291, 116,194, 0,0, 62,93, 0,0, 76,147, 302,653, 154,590, 472,659, 108,580, 449,1411, 207,659, 243,398, 0,0, 0,0, 0,0, 0,0, 0,0, 0,0, 0,0, 0,0, 0,0,  146614.61313642064
