0/199   7141/7141     0.255      5.67      12.1     0.354      18.4        48     0.859          0          0          0
1/199   7141/7141     0.245      1.98      7.14     0.265      9.63        30     0.479    0.00389     0.0156    0.00552
2/199   7141/7141     0.242      1.82      6.75     0.245      9.05        21     0.511     0.0135     0.0412     0.0255
3/199   7141/7141      0.24      1.68      6.43     0.235      8.59        31     0.466     0.0419      0.101     0.0664
4/199   7141/7141     0.236      1.57      6.18     0.228      8.22        88      0.46     0.0476      0.102     0.0765
5/199   7141/7141     0.232      1.49      5.99     0.218      7.92        18     0.303     0.0662      0.164     0.0902
6/199   7141/7141     0.229      1.44      5.82     0.209       7.7        35     0.488     0.0948      0.221      0.123
7/199   7141/7141     0.225      1.35      5.67     0.199      7.45        13     0.334     0.0996      0.226       0.13
8/199   7141/7141     0.221       1.3      5.54      0.19      7.25        50     0.288      0.133      0.256      0.174
9/199   7141/7141     0.217      1.25      5.41     0.182      7.06        26     0.883      0.156      0.325      0.192
10/199   7141/7141     0.213       1.2      5.28     0.175      6.87        60     0.548      0.196      0.318      0.253
11/199   7141/7141     0.219      3.25      5.87     0.202      9.54         8     0.374          0          0          0
12/199   7141/7141     0.243      2.01      7.58     0.284      10.1        34     0.456    0.00379     0.0222    0.00481
13/199   7141/7141     0.237      1.73       6.8     0.237         9        69      0.31     0.0357      0.103     0.0517
14/199   7141/7141     0.234      1.59      6.41     0.218      8.45        16     0.409     0.0493      0.165     0.0636
15/199   7141/7141     0.229      1.49      6.12     0.205      8.04        40     0.476      0.118      0.211      0.169
16/199   7141/7141     0.224      1.41      5.91     0.193      7.74        49      1.02     0.0944      0.244      0.115
17/199   7141/7141     0.221      1.35      5.78     0.185      7.54        92       0.4     0.0963      0.273      0.111
18/199   7141/7141     0.218      1.31      5.65     0.179      7.36        14     0.573      0.178      0.276      0.233
19/199   7141/7141     0.216      1.26      5.57     0.174      7.23        41     0.556      0.211      0.307      0.268
20/199   7141/7141     0.214      1.23      5.48     0.171      7.09        19     0.437      0.158      0.352      0.182
21/199   7141/7141     0.212       1.2      5.41     0.167      6.99        35     0.422      0.218      0.331      0.272
22/199   7141/7141      0.21      1.17      5.31     0.164      6.85        53      1.12      0.198      0.381      0.232
23/199   7141/7141     0.208      1.15      5.21     0.162      6.73        48     0.484      0.235      0.354      0.288
24/199   7141/7141     0.206      1.12      5.13     0.157      6.61        31     0.406      0.245      0.418      0.287
25/199   7141/7141     0.204      1.09      5.06     0.153       6.5        26     0.578      0.256      0.415      0.299
26/199   7141/7141     0.203      1.06      4.99      0.15       6.4        59       0.5      0.289      0.448      0.334
27/199   7141/7141     0.201      1.04      4.92     0.147      6.31        18       0.5      0.297      0.453      0.341
28/199   7141/7141     0.199      1.01      4.85     0.144       6.2        19     0.547      0.329      0.465      0.381
29/199   7141/7141     0.198     0.991      4.79      0.14      6.12        45     0.391       0.31      0.476      0.355
30/199   7141/7141     0.196      0.97      4.72     0.136      6.02        33     0.469      0.312      0.471      0.359
31/199   7141/7141     0.194     0.957      4.65     0.133      5.94        15     0.453      0.343      0.478      0.391
32/199   7141/7141     0.193     0.933      4.61      0.13      5.87        14     0.422      0.346      0.501      0.391
33/199   7141/7141     0.191     0.916      4.54     0.126      5.77        28     0.375      0.368      0.497      0.421
34/199   7141/7141      0.19     0.898      4.49     0.124       5.7        25     0.359      0.346      0.463      0.398
35/199   7141/7141     0.188     0.877      4.43      0.12      5.62        18     0.469      0.388      0.496       0.45
36/199   7141/7141     0.187      0.87      4.39      0.12      5.56        22     0.328      0.381      0.437       0.45
37/199   7141/7141     0.185     0.853      4.32     0.116      5.48        12     0.453      0.368      0.525      0.407
38/199   7141/7141     0.184     0.833      4.29     0.114      5.42        48     0.422      0.354      0.527      0.395
39/199   7141/7141     0.182     0.825      4.24     0.111      5.36        44       0.4      0.377      0.527      0.421
40/199   7141/7141     0.181     0.805      4.19     0.109      5.29        16      0.75      0.366      0.537      0.408
41/199   7141/7141      0.18       0.8      4.16     0.108      5.25        42     0.437      0.421      0.554      0.477
42/199   7141/7141     0.178     0.787      4.13     0.106       5.2        54       0.5      0.436      0.583      0.479
43/199   7141/7141     0.177      0.77      4.08     0.103      5.13        48     0.547      0.404      0.603      0.441
44/199   7141/7141     0.176     0.762      4.04     0.102      5.08        17     0.469      0.453      0.522      0.517
45/199   7141/7141     0.175     0.755         4     0.101      5.04       141     0.594      0.433      0.599      0.473
46/199   7141/7141     0.174     0.746      3.98    0.0999         5        33     0.703      0.442      0.631      0.477
47/199   7141/7141     0.173     0.732      3.95    0.0981      4.95        40     0.359      0.433      0.597      0.475
48/199   7141/7141     0.172     0.724      3.91    0.0959       4.9        13       0.5      0.459      0.632      0.498
49/199   7141/7141     0.171     0.719       3.9    0.0967      4.88        49     0.406      0.475      0.608      0.525
50/199   7141/7141      0.17     0.705      3.88    0.0937      4.85        31     0.484      0.463      0.632      0.499
51/199   7141/7141     0.168     0.661      3.75    0.0899      4.67        29     0.453      0.482      0.612      0.525
52/199   7141/7141     0.167     0.649      3.73    0.0889      4.63        29     0.375      0.495      0.619      0.543
53/199   7141/7141     0.167     0.646      3.71    0.0884      4.62        56     0.422      0.495      0.622      0.539
54/199   7141/7141    0.0995     0.266      1.79    0.0363      2.19        27     0.469      0.704      0.784      0.735
55/199   7141/7141    0.0996     0.265      1.79    0.0365      2.19        33     0.922      0.707      0.783      0.738
56/199   7141/7141    0.0991     0.265      1.78    0.0359      2.18        46     0.537      0.702      0.789      0.732
57/199   7141/7141     0.102     0.315      1.98    0.0395      2.43        75     0.508      0.712      0.776      0.744
58/199   7141/7141    0.0985     0.262      1.78    0.0359      2.17        38     0.564      0.713      0.775      0.747
59/199   7141/7141     0.166     0.638      3.67    0.0872      4.56        17     0.407      0.487      0.636      0.528
60/199   7141/7141     0.165     0.636      3.68    0.0877      4.57       101     0.467       0.49      0.633      0.531
61/199   7141/7141     0.165     0.634      3.67    0.0858      4.55        27      0.49      0.495      0.628      0.541
62/199   7141/7141     0.102     0.312      1.96     0.039      2.41        25     0.349      0.717      0.772      0.751
63/199   7141/7141     0.165     0.634      3.66    0.0867      4.55        54      0.36      0.502       0.63      0.547
64/199   7141/7141     0.165     0.633      3.66    0.0861      4.55        15     0.424        0.5      0.634      0.546
65/199   7141/7141     0.101     0.312      1.95    0.0388       2.4        35     0.372      0.714       0.78      0.745
66/199   7141/7141     0.165     0.632      3.65    0.0857      4.54        23     0.412        0.5      0.628      0.547
67/199   7141/7141     0.164     0.628      3.65    0.0847      4.52        24     0.466      0.514      0.619      0.565
68/199   7141/7141     0.101      0.31      1.95     0.039       2.4        12     0.373      0.718      0.773      0.751
69/199   7141/7141    0.0975     0.258      1.76    0.0349      2.15        14     0.384      0.713      0.789      0.744
70/199   7141/7141       0.1     0.307      1.94    0.0386      2.39        54     0.329      0.715      0.777      0.748
71/199   7141/7141     0.164     0.627      3.64    0.0853      4.52        19      0.43      0.517      0.633      0.565
72/199   7141/7141    0.0975     0.257      1.74    0.0346      2.13        10     0.316      0.708      0.793      0.738
73/199   7141/7141       0.1     0.306      1.93     0.038      2.38        27     0.342      0.718      0.781       0.75
74/199   7141/7141       0.1     0.306      1.93    0.0386      2.38        24     0.379      0.719      0.774      0.753
