11/199   7141/7141     0.138     0.427      2.34    0.0604      2.96         8     0.419      0.604      0.701      0.647
12/199   7141/7141     0.136     0.416       2.3    0.0574      2.91        34      0.64      0.602      0.704      0.646
13/199   7141/7141     0.135     0.488      2.56    0.0607      3.24        69      0.58      0.623      0.717      0.664
14/199   7141/7141     0.134     0.478      2.52    0.0603       3.2        16     0.396      0.624      0.728      0.659
15/199   7141/7141      0.13     0.393      2.23    0.0549      2.81        40      0.48      0.633      0.723      0.674
16/199   7141/7141     0.128     0.389      2.23    0.0541       2.8        49       1.1      0.616      0.749       0.65
17/199   7141/7141     0.127     0.385      2.21    0.0527      2.77        92     0.561      0.625      0.735       0.66
18/199   7141/7141     0.125     0.378      2.18     0.052      2.74        14     0.463      0.625      0.726      0.667
19/199   7141/7141     0.126     0.445      2.42    0.0549      3.05        41     0.775      0.646      0.734      0.683
20/199   7141/7141     0.123     0.368      2.15    0.0502      2.69        19     0.479      0.625       0.76      0.657
21/199   7141/7141     0.122     0.365      2.14    0.0498      2.68        35     0.516      0.635      0.739       0.67
22/199   7141/7141     0.123     0.429      2.36    0.0526      2.97        53      1.23      0.651      0.726      0.692
23/199   7141/7141     0.119     0.358      2.11    0.0496      2.64        48     0.467      0.654      0.743      0.692
24/199   7141/7141     0.118     0.352       2.1    0.0481      2.62        31     0.603      0.633      0.763      0.664
25/199   7141/7141     0.118     0.348      2.09    0.0473       2.6        26     0.619      0.635       0.77      0.664
26/199   7141/7141     0.117     0.346      2.08     0.047      2.59        59     0.733      0.641      0.771      0.671
27/199   7141/7141     0.116     0.343      2.07    0.0458      2.57        18     0.641      0.656      0.774      0.686
28/199   7141/7141     0.115      0.34      2.06    0.0456      2.56        19     0.734      0.642      0.778      0.669
29/199   7141/7141     0.117     0.403      2.29    0.0504      2.86        45     0.531      0.673      0.741      0.712
30/199   7141/7141     0.114     0.333      2.03    0.0447      2.52        33     0.516      0.658       0.76      0.692
31/199   7141/7141     0.116     0.398      2.25    0.0494      2.82        15     0.484      0.676       0.75      0.712
32/199   7141/7141     0.112     0.329      2.02    0.0446      2.51        14       0.5      0.668      0.762      0.702
33/199   7141/7141     0.115      0.39      2.23    0.0481      2.79        28     0.516      0.683       0.75      0.719
34/199   7141/7141     0.111     0.325         2    0.0434      2.48        25     0.391      0.662       0.78      0.692
35/199   7141/7141      0.11      0.32      1.99    0.0428      2.46        18     0.516      0.663      0.777      0.693
36/199   7141/7141      0.11      0.32      1.99     0.043      2.46        22     0.516      0.686       0.74      0.727
37/199   7141/7141     0.109     0.318      1.97    0.0422      2.44        12     0.547      0.674      0.764       0.71
38/199   7141/7141     0.109     0.316      1.97    0.0422      2.43        48     0.578      0.668      0.774      0.702
39/199   7141/7141     0.109     0.315      1.96    0.0418      2.43        44     0.453      0.683       0.77      0.716
40/199   7141/7141     0.108     0.314      1.96    0.0421      2.42        16      1.02      0.666      0.784      0.694
41/199   7141/7141     0.111     0.373      2.18    0.0458      2.71        42       0.5      0.696      0.738      0.737
42/199   7141/7141     0.107     0.309      1.94    0.0416       2.4        54     0.844      0.691      0.764      0.726
43/199   7141/7141     0.107     0.307      1.93    0.0409      2.39        48     0.828      0.696      0.756      0.733
44/199   7141/7141     0.106     0.304      1.92    0.0406      2.38        17     0.531      0.687      0.763      0.723
45/199   7141/7141     0.109     0.364      2.14    0.0443      2.65       141     0.687      0.695      0.761      0.729
46/199   7141/7141     0.106     0.303      1.92    0.0406      2.37        33         1      0.675      0.797      0.702
47/199   7141/7141     0.105       0.3       1.9      0.04      2.35        40     0.391      0.686      0.788      0.716
48/199   7141/7141     0.109      0.36      2.12    0.0442      2.63        13     0.437      0.694      0.768      0.727
49/199   7141/7141     0.104     0.299       1.9    0.0402      2.34        49     0.547      0.682      0.783      0.714
50/199   7141/7141     0.107     0.353      2.12    0.0434      2.62        31     0.516      0.703      0.751      0.743
51/199   7141/7141     0.105     0.331      2.03    0.0417      2.51        29     0.516      0.704      0.773      0.736
52/199   7141/7141       0.1     0.269      1.81    0.0366      2.22        29     0.625      0.707      0.784      0.739
53/199   7141/7141    0.0999     0.267       1.8    0.0364       2.2        56     0.531      0.705       0.79      0.735
54/199   7141/7141     0.103      0.32      1.99    0.0403      2.45        27     0.531      0.708      0.777      0.741
55/199   7141/7141     0.103     0.318      1.99      0.04      2.45        33     0.937      0.714      0.773      0.746
56/199   7141/7141     0.102     0.318      1.98    0.0403      2.44        46     0.532      0.707      0.782      0.738
57/199   7141/7141    0.0988     0.263      1.78    0.0357      2.18        75     0.514      0.711      0.786      0.743
58/199   7141/7141     0.102     0.315      1.97    0.0395      2.43        38     0.564      0.717      0.766      0.753
59/199   7141/7141    0.0985     0.263      1.77    0.0354      2.17        17     0.333      0.711      0.782      0.743
60/199   7141/7141    0.0983     0.261      1.77    0.0362      2.17       101      0.34      0.711      0.789      0.742
61/199   7141/7141     0.101     0.314      1.96    0.0391      2.41        27     0.322      0.711      0.775      0.743
63/199   7141/7141    0.0982     0.261      1.76    0.0356      2.16        54      0.43      0.713      0.783      0.745
64/199   7141/7141    0.0981     0.262      1.76    0.0352      2.15        15     0.368      0.711       0.79      0.742
65/199   7141/7141     0.165     0.633      3.65    0.0861      4.53        35     0.487      0.505      0.631       0.55
67/199   7141/7141    0.0975     0.259      1.76    0.0347      2.15        24     0.362      0.718       0.78      0.751
68/199   7141/7141     0.164     0.632      3.65    0.0866      4.53        12     0.499      0.515      0.627      0.563
70/199   7141/7141    0.0971     0.256      1.75    0.0347      2.14        54     0.397      0.714      0.787      0.745
71/199   7141/7141     0.101     0.309      1.94    0.0386      2.39        19     0.276      0.719      0.776      0.752
73/199   7141/7141    0.0969     0.257      1.75    0.0342      2.13        27     0.405      0.715      0.797      0.745
74/199   7141/7141     0.163     0.619      3.63    0.0841      4.49        24     0.452      0.497      0.633       0.54
75/199   7141/7141     0.163      0.62      3.62    0.0838      4.49        50     0.522      0.506       0.64      0.549
76/199   7141/7141     0.163     0.623      3.61    0.0847      4.48        61     0.733      0.518       0.63      0.567
77/199   7141/7141     0.163      0.62      3.62    0.0831      4.48        30     0.565      0.516      0.639      0.563
