11/199   7141/7141      0.14     0.511      2.61    0.0641      3.32         8     0.389      0.604      0.697      0.647
12/199   7141/7141     0.137     0.497      2.58    0.0617      3.28        34      0.57      0.608      0.705      0.651
13/199   7141/7141     0.133     0.408      2.29    0.0568      2.89        69     0.496      0.619      0.728      0.658
14/199   7141/7141     0.132     0.401      2.26    0.0562      2.85        16     0.361       0.61      0.742      0.644
15/199   7141/7141     0.131     0.472       2.5    0.0591      3.17        40     0.486       0.64      0.703      0.686
16/199   7141/7141      0.13     0.464      2.49    0.0582      3.14        49      1.06      0.629      0.735      0.663
17/199   7141/7141     0.129     0.458      2.46    0.0564       3.1        92     0.603       0.64      0.715      0.681
18/199   7141/7141     0.127     0.454      2.44    0.0562      3.08        14      0.55      0.641      0.717      0.686
19/199   7141/7141     0.124     0.372      2.17     0.051      2.72        41     0.724       0.63      0.764      0.661
20/199   7141/7141     0.125     0.439       2.4    0.0539      3.02        19     0.538       0.64       0.74      0.676
21/199   7141/7141     0.124     0.436      2.38    0.0533         3        35     0.505      0.646      0.731      0.684
22/199   7141/7141     0.121     0.359      2.13    0.0487      2.66        53      1.29      0.638      0.723      0.682
23/199   7141/7141     0.122     0.427      2.35    0.0535      2.96        48     0.501      0.669      0.721      0.713
24/199   7141/7141     0.121     0.421      2.35     0.052      2.94        31     0.656      0.654      0.752      0.686
25/199   7141/7141      0.12     0.416      2.33    0.0515      2.92        26     0.714      0.642      0.762      0.673
26/199   7141/7141      0.12     0.415      2.32    0.0512       2.9        59     0.663       0.66      0.755      0.695
27/199   7141/7141     0.119      0.41       2.3    0.0498      2.88        18     0.641      0.664      0.754      0.696
28/199   7141/7141     0.118     0.406      2.29    0.0498      2.87        19      0.75      0.669      0.759      0.702
29/199   7141/7141     0.115     0.339      2.05     0.046      2.55        45     0.531      0.665      0.763        0.7
30/199   7141/7141     0.116     0.397      2.27    0.0482      2.83        33     0.484      0.671       0.75      0.705
31/199   7141/7141     0.113     0.332      2.02    0.0453      2.51        15     0.531      0.675      0.756      0.713
32/199   7141/7141     0.115     0.394      2.25    0.0486      2.81        14       0.5      0.671      0.747      0.705
33/199   7141/7141     0.111     0.327         2    0.0443      2.48        28       0.5      0.675      0.766      0.708
34/199   7141/7141     0.114     0.389      2.23    0.0473      2.78        25     0.391      0.676      0.765      0.708
35/199   7141/7141     0.113     0.383      2.21    0.0467      2.76        18     0.531      0.678       0.76      0.713
36/199   7141/7141     0.113     0.383      2.22    0.0471      2.76        22     0.516      0.692      0.731      0.734
37/199   7141/7141     0.113     0.383       2.2    0.0466      2.74        12     0.562      0.694       0.73      0.737
38/199   7141/7141     0.112     0.378      2.19    0.0462      2.73        48     0.625      0.682      0.758      0.717
39/199   7141/7141     0.112     0.376      2.19    0.0455      2.72        44     0.437      0.692      0.752      0.729
40/199   7141/7141     0.111     0.375      2.18    0.0459      2.71        16     0.922      0.669      0.782      0.699
41/199   7141/7141     0.108     0.312      1.96    0.0423      2.42        42     0.547      0.698      0.747      0.737
42/199   7141/7141     0.111     0.371      2.17    0.0456       2.7        54     0.859      0.692      0.757      0.728
43/199   7141/7141      0.11      0.37      2.15    0.0449      2.68        48     0.812      0.689      0.756      0.723
44/199   7141/7141      0.11     0.363      2.15     0.044      2.66        17     0.422      0.688      0.757      0.724
45/199   7141/7141     0.106     0.303      1.92    0.0404      2.37       141     0.672        0.7      0.765      0.735
46/199   7141/7141     0.109     0.364      2.14    0.0446      2.66        33     0.828      0.697      0.772      0.732
47/199   7141/7141     0.109     0.359      2.13    0.0439      2.64        40     0.453      0.693      0.767      0.727
48/199   7141/7141     0.105       0.3       1.9    0.0401      2.34        13     0.469      0.694      0.771      0.729
49/199   7141/7141     0.108     0.357      2.12    0.0438      2.63        49       0.5      0.688      0.771      0.721
50/199   7141/7141     0.104     0.294       1.9    0.0394      2.34        31     0.562      0.706      0.748      0.746
51/199   7141/7141     0.101     0.276      1.83    0.0377      2.24        29     0.469      0.695      0.788      0.725
52/199   7141/7141     0.104     0.323      2.01    0.0405      2.48        29     0.641      0.712      0.773      0.745
53/199   7141/7141     0.103     0.321         2    0.0405      2.46        56     0.484      0.709      0.776      0.741
54/199   7141/7141     0.166     0.642       3.7    0.0875       4.6        27     0.453       0.49      0.621      0.536
55/199   7141/7141     0.166     0.646      3.71    0.0884      4.61        33     0.727       0.49      0.625      0.535
56/199   7141/7141     0.166     0.641       3.7    0.0878      4.59        46     0.374      0.484      0.629      0.527
57/199   7141/7141     0.166     0.637      3.69    0.0869      4.58        75      0.49      0.496      0.628      0.541
58/199   7141/7141     0.166     0.639      3.68    0.0876      4.57        38     0.304      0.495      0.614      0.543
59/199   7141/7141     0.102     0.316      1.97    0.0395      2.43        17     0.444      0.715      0.773      0.747
60/199   7141/7141     0.101     0.313      1.97      0.04      2.42       101     0.386      0.712       0.78      0.743
62/199   7141/7141     0.165     0.633      3.67    0.0867      4.56        25     0.559      0.508      0.619      0.558
63/199   7141/7141     0.101     0.314      1.96    0.0398      2.41        54     0.251      0.714      0.776      0.746
64/199   7141/7141     0.101     0.312      1.95     0.039       2.4        15     0.298      0.714      0.778      0.746
66/199   7141/7141     0.101     0.313      1.94     0.039       2.4        23     0.325      0.722      0.765      0.757
67/199   7141/7141       0.1     0.309      1.95    0.0385      2.39        24     0.334      0.721      0.765      0.755
69/199   7141/7141     0.164     0.629      3.64    0.0858      4.52        14     0.446      0.505      0.637       0.55
71/199   7141/7141    0.0973     0.258      1.75    0.0343      2.14        19     0.398      0.715      0.789      0.746
72/199   7141/7141     0.164     0.622      3.63    0.0849       4.5        10     0.454      0.509      0.639      0.555
74/199   7141/7141    0.0972     0.255      1.74    0.0349      2.13        24     0.342      0.714      0.785      0.746
75/199   7141/7141     0.097     0.256      1.74    0.0342      2.13        50      0.43      0.713      0.791      0.744
76/199   7141/7141    0.0996     0.306      1.93    0.0384      2.38        61      0.74      0.722      0.773      0.755
77/199   7141/7141    0.0997     0.306      1.93    0.0379      2.37        30     0.412      0.717      0.776       0.75
