   0/199   7141/7141     0.255      5.67      12.1     0.354      18.4        48     0.859          0          0          0
   1/199   7141/7141     0.245      1.98      7.14     0.265      9.63        30     0.479    0.00389     0.0156    0.00552
  11/199   7141/7141     0.138     0.427      2.34    0.0604      2.96         8     0.419      0.604      0.701      0.647
  11/199   7141/7141      0.14     0.511      2.61    0.0641      3.32         8     0.389      0.604      0.697      0.647
   2/199   7141/7141     0.242      1.82      6.75     0.245      9.05        21     0.511     0.0135     0.0412     0.0255
  12/199   7141/7141     0.136     0.416       2.3    0.0574      2.91        34      0.64      0.602      0.704      0.646
  12/199   7141/7141     0.137     0.497      2.58    0.0617      3.28        34      0.57      0.608      0.705      0.651
   3/199   7141/7141      0.24      1.68      6.43     0.235      8.59        31     0.466     0.0419      0.101     0.0664
  13/199   7141/7141     0.135     0.488      2.56    0.0607      3.24        69      0.58      0.623      0.717      0.664
  13/199   7141/7141     0.133     0.408      2.29    0.0568      2.89        69     0.496      0.619      0.728      0.658
   4/199   7141/7141     0.236      1.57      6.18     0.228      8.22        88      0.46     0.0476      0.102     0.0765
  14/199   7141/7141     0.134     0.478      2.52    0.0603       3.2        16     0.396      0.624      0.728      0.659
  14/199   7141/7141     0.132     0.401      2.26    0.0562      2.85        16     0.361       0.61      0.742      0.644
   5/199   7141/7141     0.232      1.49      5.99     0.218      7.92        18     0.303     0.0662      0.164     0.0902
   6/199   7141/7141     0.229      1.44      5.82     0.209       7.7        35     0.488     0.0948      0.221      0.123
  15/199   7141/7141      0.13     0.393      2.23    0.0549      2.81        40      0.48      0.633      0.723      0.674
  15/199   7141/7141     0.131     0.472       2.5    0.0591      3.17        40     0.486       0.64      0.703      0.686
   7/199   7141/7141     0.225      1.35      5.67     0.199      7.45        13     0.334     0.0996      0.226       0.13
  16/199   7141/7141     0.128     0.389      2.23    0.0541       2.8        49       1.1      0.616      0.749       0.65
  16/199   7141/7141      0.13     0.464      2.49    0.0582      3.14        49      1.06      0.629      0.735      0.663
   8/199   7141/7141     0.221       1.3      5.54      0.19      7.25        50     0.288      0.133      0.256      0.174
  17/199   7141/7141     0.127     0.385      2.21    0.0527      2.77        92     0.561      0.625      0.735       0.66
  17/199   7141/7141     0.129     0.458      2.46    0.0564       3.1        92     0.603       0.64      0.715      0.681
   9/199   7141/7141     0.217      1.25      5.41     0.182      7.06        26     0.883      0.156      0.325      0.192
  18/199   7141/7141     0.125     0.378      2.18     0.052      2.74        14     0.463      0.625      0.726      0.667
  18/199   7141/7141     0.127     0.454      2.44    0.0562      3.08        14      0.55      0.641      0.717      0.686
  10/199   7141/7141     0.213       1.2      5.28     0.175      6.87        60     0.548      0.196      0.318      0.253
  19/199   7141/7141     0.126     0.445      2.42    0.0549      3.05        41     0.775      0.646      0.734      0.683
  19/199   7141/7141     0.124     0.372      2.17     0.051      2.72        41     0.724       0.63      0.764      0.661
  11/199   7141/7141     0.219      3.25      5.87     0.202      9.54         8     0.374          0          0          0
  12/199   7141/7141     0.243      2.01      7.58     0.284      10.1        34     0.456    0.00379     0.0222    0.00481
  20/199   7141/7141     0.123     0.368      2.15    0.0502      2.69        19     0.479      0.625       0.76      0.657
  20/199   7141/7141     0.125     0.439       2.4    0.0539      3.02        19     0.538       0.64       0.74      0.676
  13/199   7141/7141     0.237      1.73       6.8     0.237         9        69      0.31     0.0357      0.103     0.0517
  21/199   7141/7141     0.122     0.365      2.14    0.0498      2.68        35     0.516      0.635      0.739       0.67
  21/199   7141/7141     0.124     0.436      2.38    0.0533         3        35     0.505      0.646      0.731      0.684
  14/199   7141/7141     0.234      1.59      6.41     0.218      8.45        16     0.409     0.0493      0.165     0.0636
  22/199   7141/7141     0.123     0.429      2.36    0.0526      2.97        53      1.23      0.651      0.726      0.692
  22/199   7141/7141     0.121     0.359      2.13    0.0487      2.66        53      1.29      0.638      0.723      0.682
  15/199   7141/7141     0.229      1.49      6.12     0.205      8.04        40     0.476      0.118      0.211      0.169
  23/199   7141/7141     0.119     0.358      2.11    0.0496      2.64        48     0.467      0.654      0.743      0.692
  23/199   7141/7141     0.122     0.427      2.35    0.0535      2.96        48     0.501      0.669      0.721      0.713
  16/199   7141/7141     0.224      1.41      5.91     0.193      7.74        49      1.02     0.0944      0.244      0.115
  17/199   7141/7141     0.221      1.35      5.78     0.185      7.54        92       0.4     0.0963      0.273      0.111
  24/199   7141/7141     0.118     0.352       2.1    0.0481      2.62        31     0.603      0.633      0.763      0.664
  24/199   7141/7141     0.121     0.421      2.35     0.052      2.94        31     0.656      0.654      0.752      0.686
  18/199   7141/7141     0.218      1.31      5.65     0.179      7.36        14     0.573      0.178      0.276      0.233
  25/199   7141/7141     0.118     0.348      2.09    0.0473       2.6        26     0.619      0.635       0.77      0.664
  25/199   7141/7141      0.12     0.416      2.33    0.0515      2.92        26     0.714      0.642      0.762      0.673
  19/199   7141/7141     0.216      1.26      5.57     0.174      7.23        41     0.556      0.211      0.307      0.268
  26/199   7141/7141     0.117     0.346      2.08     0.047      2.59        59     0.733      0.641      0.771      0.671
  26/199   7141/7141      0.12     0.415      2.32    0.0512       2.9        59     0.663       0.66      0.755      0.695
  20/199   7141/7141     0.214      1.23      5.48     0.171      7.09        19     0.437      0.158      0.352      0.182
  27/199   7141/7141     0.116     0.343      2.07    0.0458      2.57        18     0.641      0.656      0.774      0.686
  27/199   7141/7141     0.119      0.41       2.3    0.0498      2.88        18     0.641      0.664      0.754      0.696
  21/199   7141/7141     0.212       1.2      5.41     0.167      6.99        35     0.422      0.218      0.331      0.272
  28/199   7141/7141     0.115      0.34      2.06    0.0456      2.56        19     0.734      0.642      0.778      0.669
  28/199   7141/7141     0.118     0.406      2.29    0.0498      2.87        19      0.75      0.669      0.759      0.702
  22/199   7141/7141      0.21      1.17      5.31     0.164      6.85        53      1.12      0.198      0.381      0.232
  23/199   7141/7141     0.208      1.15      5.21     0.162      6.73        48     0.484      0.235      0.354      0.288
  29/199   7141/7141     0.117     0.403      2.29    0.0504      2.86        45     0.531      0.673      0.741      0.712
  29/199   7141/7141     0.115     0.339      2.05     0.046      2.55        45     0.531      0.665      0.763        0.7
  24/199   7141/7141     0.206      1.12      5.13     0.157      6.61        31     0.406      0.245      0.418      0.287
  30/199   7141/7141     0.114     0.333      2.03    0.0447      2.52        33     0.516      0.658       0.76      0.692
  30/199   7141/7141     0.116     0.397      2.27    0.0482      2.83        33     0.484      0.671       0.75      0.705
  25/199   7141/7141     0.204      1.09      5.06     0.153       6.5        26     0.578      0.256      0.415      0.299
  31/199   7141/7141     0.116     0.398      2.25    0.0494      2.82        15     0.484      0.676       0.75      0.712
  31/199   7141/7141     0.113     0.332      2.02    0.0453      2.51        15     0.531      0.675      0.756      0.713
  26/199   7141/7141     0.203      1.06      4.99      0.15       6.4        59       0.5      0.289      0.448      0.334
  32/199   7141/7141     0.112     0.329      2.02    0.0446      2.51        14       0.5      0.668      0.762      0.702
  32/199   7141/7141     0.115     0.394      2.25    0.0486      2.81        14       0.5      0.671      0.747      0.705
  27/199   7141/7141     0.201      1.04      4.92     0.147      6.31        18       0.5      0.297      0.453      0.341
  33/199   7141/7141     0.115      0.39      2.23    0.0481      2.79        28     0.516      0.683       0.75      0.719
  33/199   7141/7141     0.111     0.327         2    0.0443      2.48        28       0.5      0.675      0.766      0.708
  28/199   7141/7141     0.199      1.01      4.85     0.144       6.2        19     0.547      0.329      0.465      0.381
  29/199   7141/7141     0.198     0.991      4.79      0.14      6.12        45     0.391       0.31      0.476      0.355
  34/199   7141/7141     0.111     0.325         2    0.0434      2.48        25     0.391      0.662       0.78      0.692
  34/199   7141/7141     0.114     0.389      2.23    0.0473      2.78        25     0.391      0.676      0.765      0.708
  30/199   7141/7141     0.196      0.97      4.72     0.136      6.02        33     0.469      0.312      0.471      0.359
  35/199   7141/7141      0.11      0.32      1.99    0.0428      2.46        18     0.516      0.663      0.777      0.693
  35/199   7141/7141     0.113     0.383      2.21    0.0467      2.76        18     0.531      0.678       0.76      0.713
  31/199   7141/7141     0.194     0.957      4.65     0.133      5.94        15     0.453      0.343      0.478      0.391
  36/199   7141/7141      0.11      0.32      1.99     0.043      2.46        22     0.516      0.686       0.74      0.727
  36/199   7141/7141     0.113     0.383      2.22    0.0471      2.76        22     0.516      0.692      0.731      0.734
  32/199   7141/7141     0.193     0.933      4.61      0.13      5.87        14     0.422      0.346      0.501      0.391
  37/199   7141/7141     0.109     0.318      1.97    0.0422      2.44        12     0.547      0.674      0.764       0.71
  37/199   7141/7141     0.113     0.383       2.2    0.0466      2.74        12     0.562      0.694       0.73      0.737
  33/199   7141/7141     0.191     0.916      4.54     0.126      5.77        28     0.375      0.368      0.497      0.421
  38/199   7141/7141     0.109     0.316      1.97    0.0422      2.43        48     0.578      0.668      0.774      0.702
  38/199   7141/7141     0.112     0.378      2.19    0.0462      2.73        48     0.625      0.682      0.758      0.717
  34/199   7141/7141      0.19     0.898      4.49     0.124       5.7        25     0.359      0.346      0.463      0.398
  35/199   7141/7141     0.188     0.877      4.43      0.12      5.62        18     0.469      0.388      0.496       0.45
  39/199   7141/7141     0.109     0.315      1.96    0.0418      2.43        44     0.453      0.683       0.77      0.716
  39/199   7141/7141     0.112     0.376      2.19    0.0455      2.72        44     0.437      0.692      0.752      0.729
  36/199   7141/7141     0.187      0.87      4.39      0.12      5.56        22     0.328      0.381      0.437       0.45
  40/199   7141/7141     0.108     0.314      1.96    0.0421      2.42        16      1.02      0.666      0.784      0.694
  40/199   7141/7141     0.111     0.375      2.18    0.0459      2.71        16     0.922      0.669      0.782      0.699
  37/199   7141/7141     0.185     0.853      4.32     0.116      5.48        12     0.453      0.368      0.525      0.407
  41/199   7141/7141     0.111     0.373      2.18    0.0458      2.71        42       0.5      0.696      0.738      0.737
  41/199   7141/7141     0.108     0.312      1.96    0.0423      2.42        42     0.547      0.698      0.747      0.737
  38/199   7141/7141     0.184     0.833      4.29     0.114      5.42        48     0.422      0.354      0.527      0.395
  42/199   7141/7141     0.107     0.309      1.94    0.0416       2.4        54     0.844      0.691      0.764      0.726
  42/199   7141/7141     0.111     0.371      2.17    0.0456       2.7        54     0.859      0.692      0.757      0.728
  39/199   7141/7141     0.182     0.825      4.24     0.111      5.36        44       0.4      0.377      0.527      0.421
  43/199   7141/7141     0.107     0.307      1.93    0.0409      2.39        48     0.828      0.696      0.756      0.733
  43/199   7141/7141      0.11      0.37      2.15    0.0449      2.68        48     0.812      0.689      0.756      0.723
  40/199   7141/7141     0.181     0.805      4.19     0.109      5.29        16      0.75      0.366      0.537      0.408
  41/199   7141/7141      0.18       0.8      4.16     0.108      5.25        42     0.437      0.421      0.554      0.477
  44/199   7141/7141     0.106     0.304      1.92    0.0406      2.38        17     0.531      0.687      0.763      0.723
  44/199   7141/7141      0.11     0.363      2.15     0.044      2.66        17     0.422      0.688      0.757      0.724
  42/199   7141/7141     0.178     0.787      4.13     0.106       5.2        54       0.5      0.436      0.583      0.479
  45/199   7141/7141     0.109     0.364      2.14    0.0443      2.65       141     0.687      0.695      0.761      0.729
  45/199   7141/7141     0.106     0.303      1.92    0.0404      2.37       141     0.672        0.7      0.765      0.735
  43/199   7141/7141     0.177      0.77      4.08     0.103      5.13        48     0.547      0.404      0.603      0.441
  46/199   7141/7141     0.106     0.303      1.92    0.0406      2.37        33         1      0.675      0.797      0.702
  46/199   7141/7141     0.109     0.364      2.14    0.0446      2.66        33     0.828      0.697      0.772      0.732
  44/199   7141/7141     0.176     0.762      4.04     0.102      5.08        17     0.469      0.453      0.522      0.517
  47/199   7141/7141     0.105       0.3       1.9      0.04      2.35        40     0.391      0.686      0.788      0.716
  47/199   7141/7141     0.109     0.359      2.13    0.0439      2.64        40     0.453      0.693      0.767      0.727
  45/199   7141/7141     0.175     0.755         4     0.101      5.04       141     0.594      0.433      0.599      0.473
  48/199   7141/7141     0.109      0.36      2.12    0.0442      2.63        13     0.437      0.694      0.768      0.727
  48/199   7141/7141     0.105       0.3       1.9    0.0401      2.34        13     0.469      0.694      0.771      0.729
  46/199   7141/7141     0.174     0.746      3.98    0.0999         5        33     0.703      0.442      0.631      0.477
  47/199   7141/7141     0.173     0.732      3.95    0.0981      4.95        40     0.359      0.433      0.597      0.475
  49/199   7141/7141     0.104     0.299       1.9    0.0402      2.34        49     0.547      0.682      0.783      0.714
  49/199   7141/7141     0.108     0.357      2.12    0.0438      2.63        49       0.5      0.688      0.771      0.721
  48/199   7141/7141     0.172     0.724      3.91    0.0959       4.9        13       0.5      0.459      0.632      0.498
  50/199   7141/7141     0.107     0.353      2.12    0.0434      2.62        31     0.516      0.703      0.751      0.743
  50/199   7141/7141     0.104     0.294       1.9    0.0394      2.34        31     0.562      0.706      0.748      0.746
  49/199   7141/7141     0.171     0.719       3.9    0.0967      4.88        49     0.406      0.475      0.608      0.525
  51/199   7141/7141     0.105     0.331      2.03    0.0417      2.51        29     0.516      0.704      0.773      0.736
  51/199   7141/7141     0.101     0.276      1.83    0.0377      2.24        29     0.469      0.695      0.788      0.725
  50/199   7141/7141      0.17     0.705      3.88    0.0937      4.85        31     0.484      0.463      0.632      0.499
  52/199   7141/7141       0.1     0.269      1.81    0.0366      2.22        29     0.625      0.707      0.784      0.739
  52/199   7141/7141     0.104     0.323      2.01    0.0405      2.48        29     0.641      0.712      0.773      0.745
  51/199   7141/7141     0.168     0.661      3.75    0.0899      4.67        29     0.453      0.482      0.612      0.525
  53/199   7141/7141    0.0999     0.267       1.8    0.0364       2.2        56     0.531      0.705       0.79      0.735
  53/199   7141/7141     0.103     0.321         2    0.0405      2.46        56     0.484      0.709      0.776      0.741
  52/199   7141/7141     0.167     0.649      3.73    0.0889      4.63        29     0.375      0.495      0.619      0.543
  53/199   7141/7141     0.167     0.646      3.71    0.0884      4.62        56     0.422      0.495      0.622      0.539
  54/199   7141/7141    0.0995     0.266      1.79    0.0363      2.19        27     0.469      0.704      0.784      0.735
  54/199   7141/7141     0.103      0.32      1.99    0.0403      2.45        27     0.531      0.708      0.777      0.741
  54/199   7141/7141     0.166     0.642       3.7    0.0875       4.6        27     0.453       0.49      0.621      0.536
  55/199   7141/7141    0.0996     0.265      1.79    0.0365      2.19        33     0.922      0.707      0.783      0.738
  55/199   7141/7141     0.103     0.318      1.99      0.04      2.45        33     0.937      0.714      0.773      0.746
  55/199   7141/7141     0.166     0.646      3.71    0.0884      4.61        33     0.727       0.49      0.625      0.535
  56/199   7141/7141    0.0991     0.265      1.78    0.0359      2.18        46     0.537      0.702      0.789      0.732
  56/199   7141/7141     0.102     0.318      1.98    0.0403      2.44        46     0.532      0.707      0.782      0.738
  56/199   7141/7141     0.166     0.641       3.7    0.0878      4.59        46     0.374      0.484      0.629      0.527
  57/199   7141/7141     0.102     0.315      1.98    0.0395      2.43        75     0.508      0.712      0.776      0.744
  57/199   7141/7141    0.0988     0.263      1.78    0.0357      2.18        75     0.514      0.711      0.786      0.743
  57/199   7141/7141     0.166     0.637      3.69    0.0869      4.58        75      0.49      0.496      0.628      0.541
  58/199   7141/7141    0.0985     0.262      1.78    0.0359      2.17        38     0.564      0.713      0.775      0.747
  58/199   7141/7141     0.102     0.315      1.97    0.0395      2.43        38     0.564      0.717      0.766      0.753
  58/199   7141/7141     0.166     0.639      3.68    0.0876      4.57        38     0.304      0.495      0.614      0.543
  59/199   7141/7141     0.166     0.638      3.67    0.0872      4.56        17     0.407      0.487      0.636      0.528
  59/199   7141/7141    0.0985     0.263      1.77    0.0354      2.17        17     0.333      0.711      0.782      0.743
  59/199   7141/7141     0.102     0.316      1.97    0.0395      2.43        17     0.444      0.715      0.773      0.747
  60/199   7141/7141     0.165     0.636      3.68    0.0877      4.57       101     0.467       0.49      0.633      0.531
  60/199   7141/7141    0.0983     0.261      1.77    0.0362      2.17       101      0.34      0.711      0.789      0.742
  60/199   7141/7141     0.101     0.313      1.97      0.04      2.42       101     0.386      0.712       0.78      0.743
  61/199   7141/7141     0.165     0.634      3.67    0.0858      4.55        27      0.49      0.495      0.628      0.541
  61/199   7141/7141     0.101     0.314      1.96    0.0391      2.41        27     0.322      0.711      0.775      0.743
  62/199   7141/7141     0.102     0.312      1.96     0.039      2.41        25     0.349      0.717      0.772      0.751
  62/199   7141/7141     0.165     0.633      3.67    0.0867      4.56        25     0.559      0.508      0.619      0.558
  63/199   7141/7141     0.165     0.634      3.66    0.0867      4.55        54      0.36      0.502       0.63      0.547
  63/199   7141/7141    0.0982     0.261      1.76    0.0356      2.16        54      0.43      0.713      0.783      0.745
  63/199   7141/7141     0.101     0.314      1.96    0.0398      2.41        54     0.251      0.714      0.776      0.746
  64/199   7141/7141     0.165     0.633      3.66    0.0861      4.55        15     0.424        0.5      0.634      0.546
  64/199   7141/7141    0.0981     0.262      1.76    0.0352      2.15        15     0.368      0.711       0.79      0.742
  64/199   7141/7141     0.101     0.312      1.95     0.039       2.4        15     0.298      0.714      0.778      0.746
  65/199   7141/7141     0.101     0.312      1.95    0.0388       2.4        35     0.372      0.714       0.78      0.745
  65/199   7141/7141     0.165     0.633      3.65    0.0861      4.53        35     0.487      0.505      0.631       0.55
  66/199   7141/7141     0.165     0.632      3.65    0.0857      4.54        23     0.412        0.5      0.628      0.547
  66/199   7141/7141     0.101     0.313      1.94     0.039       2.4        23     0.325      0.722      0.765      0.757
  67/199   7141/7141     0.164     0.628      3.65    0.0847      4.52        24     0.466      0.514      0.619      0.565
  67/199   7141/7141    0.0975     0.259      1.76    0.0347      2.15        24     0.362      0.718       0.78      0.751
  67/199   7141/7141       0.1     0.309      1.95    0.0385      2.39        24     0.334      0.721      0.765      0.755
  68/199   7141/7141     0.101      0.31      1.95     0.039       2.4        12     0.373      0.718      0.773      0.751
  68/199   7141/7141     0.164     0.632      3.65    0.0866      4.53        12     0.499      0.515      0.627      0.563
  69/199   7141/7141    0.0975     0.258      1.76    0.0349      2.15        14     0.384      0.713      0.789      0.744
  69/199   7141/7141     0.164     0.629      3.64    0.0858      4.52        14     0.446      0.505      0.637       0.55
  70/199   7141/7141       0.1     0.307      1.94    0.0386      2.39        54     0.329      0.715      0.777      0.748
  70/199   7141/7141    0.0971     0.256      1.75    0.0347      2.14        54     0.397      0.714      0.787      0.745
  71/199   7141/7141     0.164     0.627      3.64    0.0853      4.52        19      0.43      0.517      0.633      0.565
  71/199   7141/7141    0.0973     0.258      1.75    0.0343      2.14        19     0.398      0.715      0.789      0.746
  71/199   7141/7141     0.101     0.309      1.94    0.0386      2.39        19     0.276      0.719      0.776      0.752
  72/199   7141/7141    0.0975     0.257      1.74    0.0346      2.13        10     0.316      0.708      0.793      0.738
  72/199   7141/7141     0.164     0.622      3.63    0.0849       4.5        10     0.454      0.509      0.639      0.555
  73/199   7141/7141       0.1     0.306      1.93     0.038      2.38        27     0.342      0.718      0.781       0.75
  73/199   7141/7141    0.0969     0.257      1.75    0.0342      2.13        27     0.405      0.715      0.797      0.745
  74/199   7141/7141       0.1     0.306      1.93    0.0386      2.38        24     0.379      0.719      0.774      0.753
  74/199   7141/7141    0.0972     0.255      1.74    0.0349      2.13        24     0.342      0.714      0.785      0.746
  74/199   7141/7141     0.163     0.619      3.63    0.0841      4.49        24     0.452      0.497      0.633       0.54
  75/199   7141/7141     0.097     0.256      1.74    0.0342      2.13        50      0.43      0.713      0.791      0.744
  75/199   7141/7141     0.163      0.62      3.62    0.0838      4.49        50     0.522      0.506       0.64      0.549
  76/199   7141/7141    0.0996     0.306      1.93    0.0384      2.38        61      0.74      0.722      0.773      0.755
  76/199   7141/7141     0.163     0.623      3.61    0.0847      4.48        61     0.733      0.518       0.63      0.567
  77/199   7141/7141    0.0997     0.306      1.93    0.0379      2.37        30     0.412      0.717      0.776       0.75
  77/199   7141/7141     0.163      0.62      3.62    0.0831      4.48        30     0.565      0.516      0.639      0.563