3 8,25, 25,87, 72,229,  171541.43514298194
4 6,20, 18,58, 39,145, 92,268,  154594.2039585283
5 6,20, 18,58, 39,145, 92,268, 0,0,  154594.2039585283
6 6,18, 15,48, 30,105, 53,202, 114,292, 0,0,  143335.85329982184
7 5,16, 13,41, 26,84, 40,162, 69,236, 136,305, 0,0,  136719.7473019649
8 5,15, 11,35, 21,68, 35,118, 78,246, 45,204, 146,311, 0,0,  129421.86069279164
9 5,15, 11,35, 21,68, 35,118, 45,204, 78,246, 146,311, 0,0, 0,0,  129421.86069279164
10 5,15, 11,35, 20,63, 27,122, 52,101, 77,255, 44,202, 147,310, 0,0, 0,0,  125379.6499448411
11 4,12, 9,28, 15,55, 26,122, 29,65, 59,119, 75,262, 42,202, 147,309, 0,0, 0,0,  119622.62866368744
12 4,12, 9,27, 15,49, 20,97, 32,64, 47,225, 82,274, 65,128, 33,141, 156,313, 0,0, 0,0,  115605.27604064946
13 4,12, 8,26, 14,44, 18,88, 30,58, 66,130, 40,199, 101,282, 32,121, 177,321, 62,261, 0,0, 0,0,  112539.28660193716
14 4,12, 8,26, 14,44, 18,87, 31,119, 39,195, 30,58, 100,281, 65,128, 61,258, 176,320, 0,0, 0,0, 0,0,  112325.27253755747
15 3,11, 8,23, 12,43, 18,79, 25,47, 40,90, 41,189, 75,146, 99,293, 26,134, 60,264, 177,318, 0,0, 0,0, 0,0,  109942.371050211
16 3,10, 7,20, 10,37, 15,66, 22,112, 37,136, 43,216, 20,38, 73,140, 34,70, 66,272, 106,289, 184,323, 0,0, 0,0, 0,0,  105150.43893079093
17 3,10, 7,20, 10,36, 14,65, 22,102, 31,161, 32,67, 48,113, 20,38, 68,284, 85,162, 47,219, 110,303, 190,324, 0,0, 0,0, 0,0,  102850.01873929515
18 2,7, 5,16, 9,26, 11,48, 17,76, 25,126, 46,115, 39,195, 20,38, 82,158, 33,68, 59,259, 98,301, 177,318, 0,0, 0,0, 0,0, 0,0,  101469.88059726839
19 2,7, 5,16, 9,24, 10,46, 16,68, 23,108, 32,64, 32,168, 48,221, 18,35, 84,160, 47,112, 69,286, 190,324, 111,300, 0,0, 0,0, 0,0, 0,0,  99156.902951832
20 2,7, 5,16, 9,24, 10,46, 16,68, 23,108, 32,168, 48,221, 47,112, 18,35, 84,160, 32,64, 0,0, 69,286, 111,300, 190,324, 0,0, 0,0, 0,0, 0,0,  99156.902951832
21 2,7, 5,14, 7,25, 10,45, 15,73, 23,102, 21,46, 48,117, 44,212, 35,69, 14,26, 85,160, 127,290, 30,161, 61,259, 85,311, 203,334, 0,0, 0,0, 0,0, 0,0,  94631.40169967458
22 2,7, 5,15, 8,27, 11,50, 17,77, 16,30, 24,125, 35,173, 48,227, 53,119, 25,50, 89,166, 34,83, 132,294, 65,269, 209,334, 0,0, 90,317, 0,0, 0,0, 0,0, 0,0,  96308.80157754378
23 2,7, 5,12, 6,23, 9,39, 13,65, 13,24, 26,152, 21,90, 37,107, 56,245, 19,43, 33,60, 60,128, 98,179, 40,197, 77,303, 121,314, 203,328, 0,0, 0,0, 0,0, 0,0, 0,0,  92580.00868873618
24 2,7, 5,13, 6,24, 9,41, 14,61, 19,99, 28,66, 30,119, 49,86, 44,237, 13,25, 21,41, 63,253, 51,150, 96,167, 31,183, 85,314, 129,302, 208,333, 0,0, 0,0, 0,0, 0,0, 0,0,  91564.823201003
25 2,7, 5,13, 6,24, 9,39, 12,21, 13,62, 19,82, 23,137, 37,146, 32,89, 39,223, 57,98, 17,37, 60,173, 108,176, 28,52, 57,269, 123,320, 205,330, 81,295, 0,0, 0,0, 0,0, 0,0, 0,0,  89270.71092532999
26 2,6, 3,12, 6,16, 7,30, 11,44, 14,71, 13,24, 24,152, 22,89, 38,192, 52,235, 35,114, 36,64, 21,44, 58,126, 95,173, 0,0, 94,323, 215,336, 69,279, 137,299, 0,0, 0,0, 0,0, 0,0, 0,0,  89513.14844430271
27 1,4, 2,8, 4,11, 5,20, 7,31, 9,17, 15,66, 20,104, 10,48, 28,72, 23,44, 42,207, 49,82, 14,30, 58,257, 60,145, 34,123, 27,176, 80,304, 102,180, 206,329, 124,316, 0,0, 0,0, 0,0, 0,0, 0,0,  84650.48296807508
28 1,5, 3,10, 6,15, 12,22, 6,27, 12,59, 21,118, 9,38, 32,135, 18,74, 33,218, 45,165, 17,38, 77,297, 28,50, 75,167, 55,98, 32,82, 53,251, 117,334, 126,200, 230,715, 201,332, 0,0, 0,0, 0,0, 0,0, 0,0,  85616.81797092344
29 2,7, 5,12, 5,22, 11,20, 8,33, 11,53, 21,129, 16,35, 31,193, 16,74, 26,88, 63,263, 25,50, 36,129, 44,75, 86,316, 101,180, 61,136, 46,217, 131,312, 224,705, 0,0, 212,324, 0,0, 0,0, 0,0, 0,0, 0,0, 0,0,  87203.85026927982
30 1,5, 3,8, 4,16, 7,14, 6,27, 9,36, 11,55, 12,22, 18,129, 16,71, 30,135, 24,89, 34,214, 17,38, 40,86, 28,52, 45,157, 68,109, 127,200, 52,252, 116,332, 76,301, 73,187, 230,715, 200,334, 0,0, 0,0, 0,0, 0,0, 0,0,  81856.64847172696
31 1,5, 3,8, 4,16, 8,15, 6,27, 13,64, 9,41, 22,134, 18,42, 32,190, 20,81, 47,234, 43,145, 32,101, 57,92, 13,26, 64,282, 70,169, 31,56, 89,302, 131,331, 224,705, 122,188, 0,0, 215,329, 0,0, 0,0, 0,0, 0,0, 0,0, 0,0,  84237.89059439415
32 1,5, 3,9, 5,15, 6,27, 10,19, 9,40, 15,82, 22,133, 13,54, 33,111, 23,81, 44,153, 37,64, 46,238, 15,30, 63,286, 22,46, 89,303, 61,103, 70,181, 0,0, 31,190, 131,330, 123,185, 224,705, 214,329, 0,0, 0,0, 0,0, 0,0, 0,0, 0,0,  82996.01832496077
33 1,4, 3,7, 3,13, 7,13, 5,22, 8,31, 10,50, 15,66, 17,119, 22,81, 28,119, 30,189, 27,49, 59,283, 12,22, 42,144, 16,37, 65,185, 66,107, 39,79, 0,0, 44,231, 125,330, 84,297, 117,186, 230,715, 208,326, 0,0, 0,0, 0,0, 0,0, 0,0, 0,0,  81287.69875625754
34 1,4, 2,8, 4,10, 8,15, 4,18, 9,38, 6,27, 12,61, 16,40, 17,117, 19,72, 29,182, 26,109, 44,226, 40,138, 36,76, 13,24, 62,101, 65,176, 116,184, 27,47, 60,280, 126,328, 228,707, 85,298, 0,0, 209,325, 0,0, 0,0, 0,0, 0,0, 0,0, 0,0, 0,0,  80626.0609402627
35 0,0, 1,4, 2,7, 3,14, 5,9, 5,21, 12,24, 7,32, 8,16, 10,42, 11,71, 25,57, 15,52, 28,101, 22,150, 35,153, 55,184, 20,34, 39,235, 94,134, 51,113, 41,70, 0,0, 18,85, 88,334, 89,220, 60,280, 212,336, 135,299, 0,0, 0,0, 0,0, 0,0, 0,0, 0,0,  77777.96073697861
36 1,4, 2,7, 4,9, 3,15, 7,14, 5,23, 8,37, 12,51, 14,86, 11,23, 23,96, 37,78, 19,62, 35,214, 33,127, 51,246, 17,34, 46,160, 75,180, 67,295, 29,48, 61,104, 0,0, 23,159, 135,335, 219,332, 93,303, 224,705, 131,190, 0,0, 0,0, 0,0, 0,0, 0,0, 0,0, 0,0,  79052.1490879906
37 1,4, 2,7, 5,9, 7,16, 3,14, 8,33, 5,24, 11,50, 19,59, 12,22, 14,82, 22,96, 32,122, 23,158, 16,35, 34,212, 33,72, 49,249, 43,157, 63,177, 99,132, 28,43, 53,96, 68,292, 97,342, 224,705, 96,223, 143,298, 0,0, 220,333, 0,0, 0,0, 0,0, 0,0, 0,0, 0,0, 0,0,  77588.02803812933
38 1,4, 2,8, 4,10, 4,18, 8,15, 6,25, 10,57, 8,35, 17,115, 16,69, 12,24, 26,142, 24,87, 32,214, 35,109, 14,42, 42,159, 21,31, 66,293, 24,52, 63,183, 58,107, 106,140, 39,66, 0,0, 48,247, 95,343, 141,301, 94,229, 224,705, 218,332, 0,0, 0,0, 0,0, 0,0, 0,0, 0,0, 0,0,  76175.9191939662
39 1,4, 2,8, 4,10, 4,18, 8,15, 6,25, 10,57, 8,35, 17,115, 16,69, 12,24, 26,142, 24,87, 32,214, 35,109, 14,42, 42,159, 21,31, 66,293, 24,52, 63,183, 58,107, 106,140, 39,66, 0,0, 48,247, 95,343, 141,301, 94,229, 224,705, 218,332, 0,0, 0,0, 0,0, 0,0, 0,0, 0,0, 0,0, 0,0,  76175.9191939662
1 26,87,  253704.72746809424
2 11,37, 53,174,  199951.0975738304
3 8,25, 25,87, 72,229,  171541.43514298194
4 6,20, 18,58, 39,145, 92,268,  154594.2039585283
5 6,18, 15,48, 30,105, 53,202, 114,292,  143335.85329982184
