6 0,0, 1,2, 3,5, 7,12, 15,27, 35,62,  116873.4756977038
7 0,0, 0,0, 1,2, 3,5, 7,12, 15,27, 35,62,  116873.4756977038
8 0,0, 0,0, 0,0, 1,2, 7,12, 3,5, 15,27, 35,62,  116873.4756977038
9 0,0, 0,0, 0,0, 0,0, 3,5, 1,2, 7,12, 15,27, 35,62,  116873.4756977038
10 0,0, 0,0, 0,0, 0,0, 1,2, 3,5, 0,0, 7,12, 15,27, 35,62,  116873.4756977038
11 0,0, 0,0, 0,0, 0,0, 0,0, 3,5, 7,12, 0,0, 1,2, 15,27, 35,62,  116873.4756977038
12 0,0, 0,0, 0,0, 0,0, 0,0, 0,0, 3,5, 0,0, 1,2, 7,12, 15,27, 35,62,  116873.4756977038
13 0,0, 0,0, 0,0, 0,0, 0,0, 0,0, 0,0, 3,5, 0,0, 1,2, 7,12, 15,27, 35,62,  116873.4756977038
14 0,0, 0,0, 0,0, 0,0, 0,0, 0,0, 1,2, 3,5, 0,0, 0,0, 7,12, 0,0, 15,27, 35,62,  116873.4756977038
15 0,0, 0,0, 0,0, 0,0, 0,0, 0,0, 0,0, 1,2, 3,5, 7,12, 0,0, 0,0, 0,0, 15,27, 35,62,  116873.4756977038
16 0,0, 0,0, 0,0, 0,0, 0,0, 0,0, 0,0, 0,0, 0,0, 3,5, 1,2, 0,0, 7,12, 0,0, 15,27, 35,62,  116873.4756977038
17 0,0, 0,0, 0,0, 0,0, 0,0, 0,0, 0,0, 0,0, 0,0, 1,2, 3,5, 0,0, 0,0, 7,12, 15,27, 0,0, 35,62,  116873.4756977038
18 0,0, 0,0, 0,0, 0,0, 0,0, 0,0, 0,0, 0,0, 0,0, 3,5, 0,0, 0,0, 0,0, 7,12, 1,2, 15,27, 0,0, 35,62,  116873.4756977038
19 0,0, 0,0, 0,0, 0,0, 0,0, 0,0, 0,0, 0,0, 0,0, 0,0, 0,0, 0,0, 0,0, 3,5, 1,2, 7,12, 15,27, 0,0, 35,62,  116873.4756977038
20 0,0, 0,0, 0,0, 0,0, 0,0, 0,0, 0,0, 0,0, 0,0, 0,0, 7,12, 3,5, 0,0, 0,0, 0,0, 15,27, 0,0, 1,2, 0,0, 35,62,  116873.4756977038
21 0,0, 0,0, 0,0, 0,0, 0,0, 0,0, 0,0, 0,0, 0,0, 0,0, 0,0, 3,5, 0,0, 1,2, 0,0, 0,0, 7,12, 0,0, 15,27, 0,0, 35,62,  116873.4756977038
22 0,0, 0,0, 0,0, 0,0, 0,0, 0,0, 0,0, 0,0, 0,0, 0,0, 0,0, 0,0, 0,0, 3,5, 0,0, 1,2, 7,12, 0,0, 0,0, 15,27, 0,0, 35,62,  116873.4756977038
23 0,0, 0,0, 0,0, 0,0, 0,0, 0,0, 0,0, 0,0, 0,0, 0,0, 0,0, 0,0, 3,5, 0,0, 0,0, 0,0, 0,0, 0,0, 7,12, 0,0, 1,2, 15,27, 35,62,  116873.4756977038
24 0,0, 0,0, 0,0, 0,0, 0,0, 0,0, 0,0, 0,0, 0,0, 0,0, 0,0, 0,0, 0,0, 0,0, 0,0, 0,0, 1,2, 3,5, 0,0, 0,0, 7,12, 0,0, 15,27, 35,62,  116873.4756977038
25 0,0, 0,0, 0,0, 0,0, 0,0, 0,0, 0,0, 0,0, 0,0, 0,0, 0,0, 0,0, 0,0, 1,2, 3,5, 0,0, 0,0, 0,0, 7,12, 0,0, 0,0, 0,0, 15,27, 0,0, 35,62,  116873.4756977038
26 0,0, 0,0, 0,0, 0,0, 0,0, 0,0, 0,0, 0,0, 0,0, 0,0, 0,0, 0,0, 0,0, 0,0, 3,5, 0,0, 0,0, 0,0, 0,0, 7,12, 1,2, 0,0, 15,27, 0,0, 0,0, 35,62,  116873.4756977038
27 0,0, 0,0, 0,0, 0,0, 0,0, 0,0, 0,0, 0,0, 0,0, 0,0, 0,0, 0,0, 1,2, 0,0, 0,0, 0,0, 3,5, 0,0, 0,0, 0,0, 0,0, 7,12, 0,0, 15,27, 0,0, 0,0, 35,62,  116873.4756977038
28 0,0, 0,0, 0,0, 0,0, 0,0, 0,0, 0,0, 0,0, 0,0, 0,0, 0,0, 0,0, 0,0, 0,0, 0,0, 0,0, 3,5, 0,0, 0,0, 0,0, 0,0, 7,12, 1,2, 0,0, 15,27, 0,0, 0,0, 35,62,  116873.4756977038
29 0,0, 0,0, 0,0, 0,0, 0,0, 0,0, 0,0, 0,0, 0,0, 0,0, 0,0, 0,0, 0,0, 0,0, 0,0, 0,0, 0,0, 0,0, 0,0, 1,2, 0,0, 0,0, 3,5, 7,12, 0,0, 15,27, 0,0, 0,0, 35,62,  116873.4756977038
30 0,0, 0,0, 0,0, 0,0, 0,0, 0,0, 0,0, 0,0, 0,0, 0,0, 0,0, 0,0, 0,0, 0,0, 0,0, 0,0, 0,0, 0,0, 3,5, 0,0, 0,0, 0,0, 0,0, 7,12, 1,2, 0,0, 15,27, 0,0, 0,0, 35,62,  116873.4756977038
31 0,0, 0,0, 0,0, 0,0, 0,0, 0,0, 0,0, 0,0, 0,0, 0,0, 0,0, 0,0, 0,0, 0,0, 0,0, 0,0, 0,0, 0,0, 1,2, 0,0, 0,0, 0,0, 0,0, 3,5, 0,0, 0,0, 7,12, 0,0, 0,0, 15,27, 35,62,  116873.4756977038
32 0,0, 0,0, 0,0, 0,0, 0,0, 0,0, 0,0, 0,0, 0,0, 0,0, 0,0, 0,0, 0,0, 0,0, 0,0, 0,0, 0,0, 1,2, 0,0, 0,0, 0,0, 0,0, 3,5, 0,0, 0,0, 0,0, 7,12, 0,0, 0,0, 15,27, 0,0, 35,62,  116873.4756977038
33 0,0, 0,0, 0,0, 0,0, 0,0, 0,0, 0,0, 0,0, 0,0, 0,0, 0,0, 0,0, 0,0, 0,0, 0,0, 0,0, 0,0, 1,2, 0,0, 0,0, 0,0, 0,0, 3,5, 0,0, 0,0, 0,0, 7,12, 0,0, 0,0, 15,27, 0,0, 0,0, 35,62,  116873.4756977038
34 0,0, 0,0, 0,0, 0,0, 0,0, 0,0, 0,0, 0,0, 0,0, 0,0, 0,0, 0,0, 0,0, 0,0, 0,0, 0,0, 0,0, 1,2, 0,0, 0,0, 0,0, 0,0, 0,0, 0,0, 0,0, 0,0, 7,12, 0,0, 0,0, 15,27, 0,0, 0,0, 3,5, 35,62,  116873.4756977038
35 0,0, 0,0, 0,0, 0,0, 0,0, 0,0, 0,0, 0,0, 0,0, 0,0, 0,0, 0,0, 0,0, 0,0, 0,0, 0,0, 0,0, 0,0, 0,0, 0,0, 0,0, 1,2, 0,0, 0,0, 0,0, 0,0, 0,0, 0,0, 3,5, 7,12, 0,0, 0,0, 15,27, 0,0, 35,62,  116873.4756977038
36 0,0, 0,0, 0,0, 0,0, 0,0, 0,0, 0,0, 0,0, 0,0, 0,0, 0,0, 0,0, 0,0, 0,0, 0,0, 0,0, 0,0, 0,0, 0,0, 0,0, 0,0, 1,2, 0,0, 0,0, 0,0, 0,0, 0,0, 0,0, 3,5, 7,12, 0,0, 0,0, 15,27, 0,0, 0,0, 35,62,  116873.4756977038
37 0,0, 0,0, 0,0, 0,0, 0,0, 0,0, 0,0, 0,0, 0,0, 0,0, 0,0, 0,0, 0,0, 0,0, 0,0, 0,0, 0,0, 0,0, 0,0, 0,0, 0,0, 0,0, 0,0, 0,0, 0,0, 0,0, 0,0, 0,0, 3,5, 1,2, 0,0, 0,0, 7,12, 0,0, 0,0, 15,27, 35,62,  116873.4756977038
38 0,0, 0,0, 0,0, 0,0, 0,0, 0,0, 0,0, 0,0, 0,0, 0,0, 0,0, 0,0, 0,0, 0,0, 0,0, 0,0, 0,0, 0,0, 0,0, 0,0, 0,0, 0,0, 0,0, 0,0, 0,0, 3,5, 0,0, 0,0, 0,0, 1,2, 7,12, 0,0, 0,0, 0,0, 15,27, 0,0, 0,0, 35,62,  116873.4756977038
39 0,0, 0,0, 0,0, 0,0, 0,0, 0,0, 0,0, 0,0, 0,0, 0,0, 0,0, 0,0, 0,0, 0,0, 0,0, 0,0, 0,0, 0,0, 0,0, 0,0, 0,0, 0,0, 0,0, 0,0, 0,0, 0,0, 0,0, 0,0, 0,0, 1,2, 3,5, 0,0, 0,0, 0,0, 7,12, 0,0, 0,0, 15,27, 35,62,  116873.4756977038
2 4,7, 19,34,  178660.76802710205
3 3,5, 9,16, 25,46,  147947.7725075291
4 2,3, 6,10, 14,25, 33,59,  132095.5633352263
2 4,7, 19,34,  178660.76802710205
3 3,5, 9,16, 25,46,  147947.7725075291
4 2,3, 6,10, 14,25, 33,59,  132095.5633352263
5 1,2, 3,5, 7,12, 15,27, 35,62,  116873.4756977038
6 0,0, 1,2, 3,5, 7,12, 15,27, 35,62,  116873.4756977038
7 0,0, 0,0, 1,2, 3,5, 7,12, 15,27, 35,62,  116873.4756977038
8 0,0, 0,0, 0,0, 1,2, 7,12, 3,5, 15,27, 35,62,  116873.4756977038
9 0,0, 0,0, 0,0, 0,0, 1,2, 7,12, 3,5, 15,27, 35,62,  116873.4756977038
10 0,0, 0,0, 0,0, 0,0, 0,0, 3,5, 7,12, 1,2, 15,27, 35,62,  116873.4756977038
100 0,0, 0,0, 0,0, 0,0, 0,0, 0,0, 0,0, 0,0, 0,0, 0,0, 0,0, 0,0, 0,0, 0,0, 0,0, 0,0, 0,0, 0,0, 0,0, 0,0, 0,0, 0,0, 0,0, 0,0, 0,0, 0,0, 0,0, 0,0, 0,0, 0,0, 0,0, 0,0, 0,0, 0,0, 0,0, 0,0, 0,0, 0,0, 0,0, 0,0, 0,0, 0,0, 0,0, 0,0, 0,0, 0,0, 0,0, 0,0, 0,0, 0,0, 0,0, 0,0, 0,0, 0,0, 0,0, 0,0, 0,0, 0,0, 0,0, 0,0, 0,0, 0,0, 0,0, 0,0, 0,0, 0,0, 0,0, 0,0, 0,0, 0,0, 0,0, 0,0, 0,0, 3,5, 1,2, 0,0, 0,0, 0,0, 0,0, 0,0, 0,0, 0,0, 0,0, 0,0, 0,0, 0,0, 0,0, 0,0, 0,0, 7,12, 0,0, 0,0, 15,27, 0,0, 0,0, 0,0, 0,0, 0,0, 0,0, 35,62,  116873.4756977038
200 0,0, 0,0, 0,0, 0,0, 0,0, 0,0, 0,0, 0,0, 0,0, 0,0, 0,0, 0,0, 0,0, 0,0, 0,0, 0,0, 0,0, 0,0, 0,0, 0,0, 0,0, 0,0, 0,0, 0,0, 0,0, 0,0, 0,0, 0,0, 0,0, 0,0, 0,0, 0,0, 0,0, 0,0, 0,0, 0,0, 0,0, 0,0, 0,0, 0,0, 0,0, 0,0, 0,0, 0,0, 0,0, 0,0, 0,0, 0,0, 0,0, 0,0, 0,0, 0,0, 0,0, 0,0, 0,0, 0,0, 0,0, 0,0, 0,0, 0,0, 0,0, 0,0, 0,0, 0,0, 0,0, 0,0, 0,0, 0,0, 0,0, 0,0, 0,0, 0,0, 0,0, 0,0, 0,0, 0,0, 0,0, 0,0, 0,0, 0,0, 0,0, 0,0, 0,0, 0,0, 0,0, 0,0, 0,0, 0,0, 0,0, 0,0, 0,0, 0,0, 0,0, 0,0, 0,0, 0,0, 0,0, 0,0, 0,0, 0,0, 0,0, 0,0, 0,0, 0,0, 0,0, 0,0, 0,0, 0,0, 0,0, 0,0, 0,0, 0,0, 0,0, 0,0, 0,0, 0,0, 0,0, 0,0, 0,0, 0,0, 0,0, 0,0, 0,0, 0,0, 0,0, 0,0, 0,0, 0,0, 0,0, 0,0, 0,0, 0,0, 0,0, 0,0, 0,0, 0,0, 0,0, 0,0, 0,0, 0,0, 0,0, 0,0, 0,0, 0,0, 7,12, 0,0, 0,0, 0,0, 0,0, 0,0, 0,0, 0,0, 0,0, 0,0, 0,0, 0,0, 0,0, 0,0, 0,0, 0,0, 0,0, 0,0, 0,0, 0,0, 0,0, 0,0, 0,0, 0,0, 0,0, 0,0, 0,0, 0,0, 0,0, 0,0, 0,0, 0,0, 0,0, 0,0, 0,0, 0,0, 0,0, 0,0, 0,0, 0,0, 0,0, 3,5, 0,0, 0,0, 0,0, 0,0, 0,0, 0,0, 0,0, 0,0, 15,27, 0,0, 1,2, 0,0, 0,0, 35,62,  116873.4756977038
300 0,0, 0,0, 0,0, 0,0, 0,0, 0,0, 0,0, 0,0, 0,0, 0,0, 0,0, 0,0, 0,0, 0,0, 0,0, 0,0, 0,0, 0,0, 0,0, 0,0, 0,0, 0,0, 0,0, 0,0, 0,0, 0,0, 0,0, 0,0, 0,0, 0,0, 0,0, 0,0, 0,0, 0,0, 0,0, 0,0, 0,0, 0,0, 0,0, 0,0, 0,0, 0,0, 0,0, 0,0, 0,0, 0,0, 0,0, 0,0, 0,0, 0,0, 0,0, 0,0, 0,0, 0,0, 0,0, 0,0, 0,0, 0,0, 0,0, 0,0, 0,0, 0,0, 0,0, 0,0, 0,0, 0,0, 0,0, 0,0, 0,0, 0,0, 0,0, 0,0, 0,0, 0,0, 0,0, 0,0, 0,0, 0,0, 0,0, 0,0, 0,0, 0,0, 0,0, 0,0, 0,0, 0,0, 0,0, 0,0, 0,0, 0,0, 0,0, 0,0, 0,0, 0,0, 0,0, 0,0, 0,0, 0,0, 0,0, 0,0, 0,0, 0,0, 0,0, 0,0, 0,0, 0,0, 0,0, 0,0, 0,0, 0,0, 0,0, 0,0, 0,0, 0,0, 0,0, 0,0, 0,0, 0,0, 0,0, 0,0, 0,0, 0,0, 0,0, 0,0, 0,0, 0,0, 0,0, 0,0, 0,0, 0,0, 0,0, 0,0, 0,0, 0,0, 0,0, 0,0, 0,0, 0,0, 0,0, 0,0, 0,0, 0,0, 0,0, 0,0, 0,0, 0,0, 0,0, 0,0, 0,0, 0,0, 0,0, 0,0, 0,0, 0,0, 0,0, 0,0, 0,0, 0,0, 0,0, 0,0, 0,0, 0,0, 0,0, 0,0, 0,0, 0,0, 0,0, 0,0, 0,0, 0,0, 0,0, 0,0, 0,0, 0,0, 0,0, 0,0, 0,0, 0,0, 0,0, 0,0, 0,0, 0,0, 0,0, 0,0, 0,0, 0,0, 0,0, 0,0, 0,0, 0,0, 0,0, 0,0, 0,0, 0,0, 0,0, 0,0, 0,0, 0,0, 0,0, 0,0, 0,0, 0,0, 0,0, 0,0, 0,0, 0,0, 0,0, 0,0, 0,0, 0,0, 0,0, 0,0, 0,0, 0,0, 0,0, 0,0, 0,0, 0,0, 0,0, 0,0, 0,0, 0,0, 0,0, 0,0, 0,0, 0,0, 0,0, 0,0, 0,0, 0,0, 0,0, 0,0, 0,0, 0,0, 0,0, 0,0, 0,0, 0,0, 0,0, 1,2, 0,0, 0,0, 0,0, 0,0, 0,0, 0,0, 0,0, 0,0, 0,0, 0,0, 0,0, 0,0, 0,0, 0,0, 0,0, 0,0, 0,0, 0,0, 0,0, 0,0, 0,0, 0,0, 0,0, 3,5, 0,0, 0,0, 0,0, 0,0, 7,12, 0,0, 0,0, 0,0, 0,0, 0,0, 0,0, 0,0, 15,27, 0,0, 0,0, 0,0, 0,0, 0,0, 0,0, 0,0, 0,0, 0,0, 0,0, 0,0, 0,0, 0,0, 0,0, 0,0, 0,0, 0,0, 0,0, 0,0, 0,0, 0,0, 0,0, 35,62,  116873.4756977038
1 10,19,  228232.36911868834
2 4,7, 19,34,  178660.76802710205
3 3,5, 9,16, 25,46,  147947.7725075291
4 2,3, 6,10, 14,25, 33,59,  132095.5633352263
5 1,2, 3,5, 7,12, 15,27, 35,62,  116873.4756977038
