7 7,13, 19,42, 38,97, 68,214, 110,418, 235,586, 0,0,  283589.10558822565
8 6,11, 16,35, 32,78, 57,158, 138,463, 80,318, 271,611, 0,0,  271077.1934525602
9 6,11, 16,35, 32,78, 57,158, 80,318, 138,463, 271,611, 0,0, 0,0,  271077.1934525602
10 6,11, 15,32, 29,68, 47,133, 63,304, 123,457, 101,190, 255,602, 0,0, 0,0,  259786.3005577651
11 5,9, 13,26, 23,58, 40,184, 43,88, 84,159, 136,460, 75,335, 268,610, 0,0, 0,0,  246606.31479511232
12 5,9, 12,24, 22,50, 26,116, 48,217, 45,82, 84,154, 87,360, 149,484, 286,618, 0,0, 0,0,  236804.18516216142
13 5,9, 12,24, 21,51, 29,131, 39,71, 63,123, 86,404, 115,222, 53,243, 153,516, 295,620, 0,0, 0,0,  231033.15391387366
14 5,9, 12,24, 21,51, 30,128, 49,230, 82,338, 41,74, 190,557, 75,137, 127,422, 340,631, 0,0, 0,0, 0,0,  233756.63775993985
15 5,8, 11,21, 18,44, 32,60, 26,115, 55,101, 103,194, 70,337, 183,530, 47,199, 113,454, 327,634, 0,0, 0,0, 0,0,  222280.3925969304
16 5,8, 11,21, 18,43, 24,105, 42,177, 61,288, 90,423, 34,61, 102,194, 56,102, 139,474, 212,560, 364,648, 0,0, 0,0, 0,0,  219275.1013718496
17 4,7, 9,16, 15,34, 20,86, 35,155, 57,251, 43,80, 126,244, 27,48, 204,554, 72,133, 81,393, 355,646, 126,515, 0,0, 0,0, 0,0,  207504.93198836286
18 5,8, 10,21, 19,35, 17,72, 30,131, 51,196, 66,325, 108,204, 33,61, 148,492, 57,100, 98,446, 376,651, 223,568, 0,0, 0,0, 0,0, 0,0,  212389.13999660194
19 4,7, 9,16, 14,32, 18,76, 30,127, 44,214, 72,266, 69,128, 26,46, 42,76, 136,252, 214,561, 86,426, 366,651, 133,534, 0,0, 0,0, 0,0, 0,0,  202697.95007724623
20 4,6, 8,14, 13,28, 16,69, 28,120, 44,195, 37,68, 91,186, 95,434, 24,41, 156,298, 59,107, 64,314, 139,569, 379,653, 223,584, 0,0, 0,0, 0,0, 0,0,  196117.86533896733
21 4,6, 8,14, 13,27, 15,64, 25,108, 23,40, 39,167, 55,99, 84,309, 35,64, 85,163, 95,470, 158,292, 53,271, 143,569, 381,654, 227,583, 0,0, 0,0, 0,0, 0,0,  191588.86978141085
22 4,6, 8,14, 13,28, 16,69, 28,120, 24,41, 44,195, 64,314, 95,434, 91,186, 37,68, 156,298, 59,107, 0,0, 139,569, 379,653, 0,0, 223,584, 0,0, 0,0, 0,0, 0,0,  196117.86533896733
23 4,6, 8,14, 13,27, 15,62, 24,103, 23,39, 53,244, 37,161, 77,144, 72,371, 34,62, 51,93, 179,330, 237,606, 105,237, 106,469, 149,597, 398,657, 0,0, 0,0, 0,0, 0,0, 0,0,  188196.2502031079
24 4,6, 8,14, 13,27, 15,62, 24,102, 36,162, 34,61, 53,230, 76,139, 96,444, 23,39, 50,92, 130,539, 104,232, 175,323, 67,351, 181,631, 265,580, 417,672, 0,0, 0,0, 0,0, 0,0, 0,0,  187002.6708114145
25 4,6, 8,14, 13,27, 15,62, 23,39, 24,102, 36,162, 53,230, 67,351, 50,92, 96,444, 76,139, 34,61, 130,539, 104,232, 175,323, 181,631, 417,672, 0,0, 265,580, 0,0, 0,0, 0,0, 0,0, 0,0,  187002.6708114145
26 3,5, 7,12, 11,23, 13,54, 21,89, 32,145, 19,32, 58,315, 50,201, 54,105, 84,422, 27,49, 84,144, 119,495, 40,71, 179,322, 102,245, 163,617, 406,666, 0,0, 250,593, 0,0, 0,0, 0,0, 0,0, 0,0,  179970.930184486
27 3,5, 6,10, 10,17, 9,36, 15,60, 22,96, 16,28, 33,134, 34,65, 42,212, 67,139, 99,322, 108,186, 25,43, 68,424, 184,335, 52,89, 63,263, 110,501, 155,604, 402,659, 242,609, 0,0, 0,0, 0,0, 0,0, 0,0,  170558.32573245317
28 3,5, 6,10, 10,20, 12,50, 20,82, 30,128, 17,29, 63,251, 42,202, 114,256, 56,109, 70,385, 26,47, 86,152, 190,339, 100,457, 40,71, 184,642, 134,544, 425,672, 270,595, 0,0, 0,0, 0,0, 0,0, 0,0, 0,0, 0,0,  177518.58293928474
29 3,5, 6,10, 9,18, 10,40, 16,67, 25,103, 35,164, 16,27, 50,341, 54,207, 110,198, 136,331, 36,63, 74,129, 24,43, 93,472, 234,381, 49,95, 78,304, 141,573, 387,668, 0,0, 220,655, 0,0, 0,0, 0,0, 0,0, 0,0, 0,0,  171767.31427038478
30 3,5, 6,10, 10,19, 11,45, 18,75, 37,178, 27,113, 17,28, 55,220, 53,103, 60,364, 83,143, 128,525, 85,265, 25,45, 136,256, 174,638, 38,67, 0,0, 93,444, 265,631, 207,374, 449,1411, 428,650, 0,0, 0,0, 0,0, 0,0, 0,0, 0,0,  174243.4539844264
31 3,5, 6,10, 10,19, 17,28, 11,45, 18,73, 26,114, 25,44, 44,297, 38,165, 75,299, 59,203, 82,447, 36,65, 74,125, 49,94, 117,538, 110,197, 130,332, 166,592, 250,652, 460,1431, 228,360, 0,0, 415,650, 0,0, 0,0, 0,0, 0,0, 0,0, 0,0,  171462.31252986199
32 2,4, 5,8, 8,15, 14,23, 9,37, 22,89, 15,61, 29,134, 21,37, 38,235, 47,153, 60,256, 31,54, 67,421, 81,161, 41,80, 90,312, 151,354, 63,100, 128,210, 105,498, 233,667, 256,404, 153,600, 460,1431, 402,669, 0,0, 0,0, 0,0, 0,0, 0,0, 0,0,  166165.93622248934
33 3,5, 6,10, 9,18, 16,27, 10,42, 17,69, 24,41, 25,111, 33,62, 40,259, 38,152, 62,381, 58,210, 95,458, 48,85, 137,301, 67,122, 131,545, 82,284, 104,175, 223,375, 270,643, 449,1411, 179,631, 0,0, 435,654, 0,0, 0,0, 0,0, 0,0, 0,0, 0,0, 0,0,  168923.4806349441
34 3,5, 6,10, 9,18, 15,25, 10,43, 17,70, 22,39, 25,111, 32,57, 41,257, 38,152, 61,366, 90,439, 59,199, 117,534, 102,169, 44,82, 82,274, 136,299, 227,365, 65,113, 156,558, 295,623, 449,1411, 204,666, 0,0, 459,666, 0,0, 0,0, 0,0, 0,0, 0,0, 0,0, 0,0,  167183.2552606598
35 2,3, 4,7, 7,13, 12,19, 8,34, 14,57, 21,85, 17,30, 29,126, 24,43, 34,215, 48,154, 56,260, 81,171, 105,496, 34,59, 88,310, 44,85, 150,355, 254,403, 68,105, 129,213, 67,423, 234,668, 460,1431, 153,599, 0,0, 403,667, 0,0, 0,0, 0,0, 0,0, 0,0, 0,0, 0,0,  160607.0224525659
36 2,3, 4,7, 7,12, 12,19, 8,31, 13,52, 19,79, 27,118, 17,30, 35,201, 58,371, 45,133, 87,502, 55,223, 80,283, 54,87, 109,378, 26,45, 78,143, 135,570, 291,446, 35,67, 124,211, 205,652, 452,1426, 176,356, 0,0, 377,702, 0,0, 0,0, 0,0, 0,0, 0,0, 0,0, 0,0, 0,0,  162045.87577719527
37 2,3, 4,7, 7,13, 12,19, 8,34, 14,57, 29,130, 21,86, 44,86, 17,30, 37,224, 34,60, 48,152, 59,246, 84,167, 62,395, 24,43, 88,305, 132,217, 94,481, 140,371, 68,105, 245,374, 129,582, 270,660, 449,1411, 182,611, 0,0, 437,658, 0,0, 0,0, 0,0, 0,0, 0,0, 0,0, 0,0, 0,0,  159997.11650298393
38 2,3, 4,6, 6,11, 10,16, 8,32, 13,54, 15,26, 27,127, 20,81, 22,39, 39,260, 42,156, 39,78, 60,228, 58,95, 95,469, 74,142, 86,294, 31,54, 142,331, 130,561, 115,191, 241,376, 0,0, 63,386, 270,659, 449,1411, 181,613, 0,0, 437,657, 0,0, 0,0, 0,0, 0,0, 0,0, 0,0, 0,0, 0,0,  158306.39024045432
39 2,3, 4,6, 6,11, 8,31, 10,16, 12,52, 19,74, 32,182, 50,207, 15,25, 25,112, 52,347, 21,38, 72,266, 42,122, 79,459, 68,136, 37,73, 100,340, 30,51, 115,543, 147,240, 58,87, 98,175, 153,401, 250,666, 460,1431, 262,394, 167,624, 0,0, 416,669, 0,0, 0,0, 0,0, 0,0, 0,0, 0,0, 0,0, 0,0,  154857.93937564082
40 2,3, 3,5, 5,9, 7,29, 8,14, 11,47, 17,67, 13,21, 23,99, 33,64, 29,159, 39,110, 42,280, 48,174, 64,248, 87,171, 66,403, 18,32, 91,308, 26,44, 136,219, 95,484, 138,375, 49,78, 68,116, 124,586, 311,627, 477,671, 168,581, 238,368, 449,1411, 220,670, 0,0, 0,0, 0,0, 0,0, 0,0, 0,0, 0,0, 0,0,  151628.6733561108
41 2,3, 4,6, 6,11, 10,15, 7,27, 11,47, 23,98, 14,24, 29,148, 17,67, 43,292, 34,65, 68,343, 27,46, 90,254, 42,95, 82,501, 43,173, 56,71, 61,217, 19,34, 108,379, 148,242, 62,119, 93,153, 177,401, 254,653, 174,644, 418,689, 125,558, 460,1431, 303,398, 0,0, 0,0, 0,0, 0,0, 0,0, 0,0, 0,0, 0,0, 0,0,  150732.25078820917
17 0,0, 1,2, 2,4, 4,8, 7,29, 7,14, 12,51, 13,23, 30,129, 41,201, 19,86, 64,255, 21,38, 34,63, 61,117, 103,276, 178,323,  191116.00099626085
5 3,6, 9,21, 20,54, 40,139, 92,266,  299283.89706460945
6 2,4, 7,15, 15,37, 28,84, 49,181, 107,285,  283512.1356506938
7 2,4, 6,13, 13,31, 24,65, 39,134, 62,234, 129,299,  269676.939364532
8 2,3, 5,11, 11,25, 19,51, 33,94, 41,179, 72,235, 139,307,  259530.92731630066
9 2,3, 5,10, 10,23, 17,43, 21,102, 35,64, 42,159, 70,237, 137,305,  247171.13857770764
10 1,2, 3,5, 6,13, 11,26, 14,63, 26,124, 44,88, 23,43, 55,210, 118,294,  231841.67423312788
11 1,2, 3,5, 6,13, 11,24, 12,53, 22,101, 41,76, 41,173, 22,40, 71,236, 138,306,  224621.573488203
12 1,2, 2,4, 4,8, 7,17, 10,46, 22,49, 23,108, 44,82, 42,182, 14,25, 73,240, 141,308,  213011.70140296675
13 1,2, 3,5, 6,12, 9,23, 12,55, 17,31, 22,95, 33,161, 54,223, 51,97, 28,52, 88,261, 159,315,  212601.0121837008
14 1,2, 2,4, 4,8, 7,16, 9,41, 13,23, 17,77, 20,39, 29,132, 45,212, 34,64, 61,118, 79,265, 151,311,  199815.8970784926
15 1,2, 2,4, 4,8, 6,27, 7,13, 11,47, 12,22, 18,83, 30,138, 33,63, 47,217, 60,115, 20,37, 81,265, 153,312,  192031.61269839611
16 1,2, 2,4, 4,8, 7,14, 7,30, 12,52, 13,23, 30,130, 19,87, 41,202, 35,64, 64,257, 62,119, 21,39, 103,276, 178,323,  191547.15227826938
17 0,0, 1,2, 2,4, 4,8, 7,29, 7,14, 12,51, 13,23, 30,129, 41,201, 19,86, 64,255, 21,38, 34,63, 61,117, 103,276, 178,323,  191116.00099626085
18 0,0, 0,0, 1,2, 4,8, 2,4, 6,27, 11,47, 7,13, 18,81, 34,62, 29,125, 61,117, 40,197, 20,37, 12,22, 63,254, 102,275, 177,323,  190181.07473256806
1 19,54,  518089.81426773744
2 8,19, 43,132,  427070.3413921721
3 5,11, 18,48, 60,190,  366349.2236526526
4 4,8, 12,30, 29,90, 75,234,  326569.7283921667
5 3,6, 9,21, 20,54, 40,139, 92,266,  299283.89706460945
17 0,0, 1,2, 2,4, 4,8, 7,29, 7,14, 12,51, 13,23, 30,129, 41,201, 19,86, 64,255, 21,38, 34,63, 61,117, 103,276, 178,323,  191116.00099626085
18 0,0, 0,0, 1,2, 4,8, 2,4, 6,27, 11,47, 7,13, 18,81, 34,62, 29,125, 61,117, 40,197, 20,37, 12,22, 63,254, 102,275, 177,323,  190181.07473256806
19 0,0, 0,0, 1,2, 4,8, 2,4, 6,25, 10,43, 16,71, 7,12, 24,117, 18,34, 44,90, 29,53, 38,178, 76,147, 12,21, 56,253, 93,293, 170,315,  184498.70858095025
20 0,0, 0,0, 0,0, 0,0, 1,2, 4,8, 2,4, 6,27, 7,13, 18,81, 11,47, 29,125, 33,61, 40,197, 20,36, 59,114, 12,22, 101,273, 63,251, 175,322,  189807.18545353034
