1 36,70,  170383.4581307956
2 22,34, 62,135,  129652.02646261884
3 17,22, 35,74, 82,173,  104573.3985301971
4 16,19, 30,53, 49,119, 104,201,  91820.0805424454
5 15,18, 27,42, 39,90, 63,154, 125,218,  83523.80945761332
6 14,17, 25,34, 35,70, 45,125, 76,166, 139,228,  77320.25482269247
7 14,17, 24,31, 31,63, 39,122, 62,84, 136,224, 70,174,  72739.3284247958
8 13,15, 21,26, 30,46, 30,89, 56,74, 79,177, 47,138, 145,229,  67433.75685810555
9 12,15, 19,23, 27,40, 28,84, 45,62, 77,103, 144,229, 44,133, 74,191,  64045.36183947353
10 12,14, 18,22, 26,37, 28,82, 40,53, 98,131, 58,87, 141,238, 43,134, 69,193,  61844.284901671774
11 11,14, 17,20, 24,32, 25,69, 36,46, 52,76, 53,156, 88,115, 85,210, 35,111, 159,234,  57194.20087778539
12 11,13, 16,19, 23,28, 25,68, 34,107, 31,42, 73,104, 47,66, 156,262, 122,167, 50,151, 75,204,  56269.27377872565
13 10,13, 15,18, 21,26, 24,61, 29,37, 31,92, 43,57, 60,92, 100,129, 97,227, 174,239, 41,134, 62,177,  53921.65397611342
14 10,12, 14,17, 20,24, 23,58, 27,35, 29,86, 40,52, 53,144, 95,124, 57,82, 37,123, 182,238, 67,196, 106,226,  52459.89120857984
15 10,12, 14,17, 19,23, 23,57, 26,33, 28,88, 38,108, 37,48, 52,71, 72,109, 180,250, 47,152, 119,149, 99,238, 67,189,  50920.20699379236
16 9,11, 12,15, 17,20, 24,57, 27,89, 23,29, 44,143, 37,101, 43,59, 86,133, 32,39, 64,90, 61,182, 139,169, 92,231, 177,267,  49999.897153984326
