1 19,54,  518089.81426773744
2 8,19, 43,132,  427070.3413921721
3 5,11, 18,48, 60,190,  366349.2236526526
4 4,8, 12,30, 29,90, 75,234,  326569.7283921667
5 3,6, 9,21, 20,54, 40,139, 92,266,  299283.89706460945
6 2,4, 7,15, 15,37, 28,84, 49,181, 107,285,  283512.1356506938
7 2,4, 6,13, 13,31, 24,65, 39,134, 62,234, 129,299,  269676.939364532
8 2,3, 5,11, 11,25, 19,51, 33,94, 41,179, 72,235, 139,307,  259530.92731630066
9 2,3, 5,10, 10,23, 17,43, 21,102, 35,64, 42,159, 70,237, 137,305,  247171.13857770764
10 1,2, 3,5, 6,13, 11,26, 14,63, 26,124, 44,88, 23,43, 55,210, 118,294,  231841.67423312788
11 1,2, 3,5, 6,13, 11,24, 12,53, 22,101, 41,76, 41,173, 22,40, 71,236, 138,306,  224621.573488203
12 1,2, 2,4, 4,8, 7,17, 10,46, 22,49, 23,108, 44,82, 42,182, 14,25, 73,240, 141,308,  213011.70140296675
13 1,2, 3,5, 6,12, 9,23, 12,55, 17,31, 22,95, 33,161, 54,223, 51,97, 28,52, 88,261, 159,315,  212601.0121837008
14 1,2, 2,4, 4,8, 7,16, 9,41, 13,23, 17,77, 20,39, 29,132, 45,212, 34,64, 61,118, 79,265, 151,311,  199815.8970784926
15 1,2, 2,4, 4,8, 6,27, 7,13, 11,47, 12,22, 18,83, 30,138, 33,63, 47,217, 60,115, 20,37, 81,265, 153,312,  192031.61269839611
16 1,2, 2,4, 4,8, 7,14, 7,30, 12,52, 13,23, 30,130, 19,87, 41,202, 35,64, 64,257, 62,119, 21,39, 103,276, 178,323,  191547.15227826938