9 0,34, 7,24, 10,31, 13,44, 16,59, 22,75, 32,114, 59,198, 102,307,  4869.4657613768895
9 0,34, 7,24, 10,31, 13,44, 16,59, 22,75, 32,114, 59,198, 102,307,  4869.4657613768895
9 0,34, 7,24, 10,31, 13,44, 16,59, 22,75, 32,114, 59,198, 102,307,  4869.4657613768895
9 0,50, 11,36, 16,47, 19,66, 24,87, 33,113, 49,174, 88,294, 150,452,  4858.171660330115
9 0,34, 7,24, 10,31, 13,44, 16,59, 22,75, 32,114, 59,198, 102,307,  4869.4657613768895
9 10,38, 16,46, 19,66, 25,82, 33,113, 46,161, 71,255, 104,332, 163,483,  4839.464248766202
 0,34, 7,24, 10,31, 13,44, 16,59, 22,75, 32,114, 59,198, 102,307,
 7,25, 10,30, 12,43, 16,53, 21,73, 30,105, 46,166, 68,216, 106,314

 10,36, 15,44, 18,63, 24,78, 31,107, 44,153, 67,242, 99,315, 155,459

9 9,33, 14,39, 17,55, 22,76, 31,105, 50,173, 34,45, 60,64, 94,281,  1092.07818398286
9 5,23, 9,26, 11,35, 21,30, 14,49, 20,67, 33,115, 39,41, 64,192,  1095.5722765081284
