5 16,29, 29,65, 39,143, 65,231, 131,302,  86308.82009417863
6 15,28, 27,55, 38,110, 43,199, 76,243, 144,309,  80662.1645533769
7 15,27, 27,51, 29,111, 56,103, 42,198, 75,253, 145,309,  75832.85095394638
8 14,26, 24,42, 30,78, 59,112, 32,152, 51,227, 86,266, 158,314,  70720.43173567487
9 13,25, 22,38, 31,64, 59,112, 28,117, 39,189, 61,248, 98,271, 171,320,  67194.55693847475
10 13,25, 22,38, 26,108, 31,61, 36,175, 50,101, 54,243, 83,159, 90,301, 168,315,  64463.1329888581
11 12,25, 20,34, 27,54, 25,100, 45,84, 34,153, 46,224, 69,281, 72,144, 110,286, 186,325,  62200.22693889296
12 13,25, 21,36, 30,55, 25,92, 47,91, 32,141, 40,205, 57,249, 81,298, 76,149, 123,285, 199,333,  61004.59280441499
13 12,25, 20,33, 26,50, 25,90, 30,137, 41,70, 38,201, 55,238, 76,302, 89,163, 52,120, 119,300, 199,329,  58750.37043424458
14 12,24, 19,31, 24,47, 25,89, 30,138, 37,60, 38,203, 48,96, 55,251, 78,298, 60,149, 103,176, 122,316, 204,330,  56955.641766416455
15 12,25, 20,34, 28,50, 25,82, 28,127, 33,203, 43,77, 50,227, 66,272, 43,142, 90,324, 101,189, 69,126, 135,311, 216,333,  57509.04411725652
