1 21,25,  52818.275242058764
2 15,18, 34,42,  37482.69051901101
3 13,16, 23,28, 46,57,  29894.71063265292
4 11,14, 17,20, 27,33, 51,64,  25153.657689183812
5 10,13, 15,18, 21,26, 32,39, 57,72,  22065.22718057335
6 9,11, 12,15, 16,19, 22,27, 33,40, 58,73,  19813.439018504174
7 7,9, 11,13, 14,17, 18,22, 25,30, 37,45, 63,80,  18631.76077527904
8 7,9, 11,13, 14,17, 18,22, 25,30, 25,121, 37,45, 64,79,  18608.665336487076
9 6,8, 9,12, 12,14, 15,18, 19,23, 24,29, 32,39, 46,57, 75,96,  16293.118605590189
10 5,6, 7,9, 9,12, 12,14, 15,18, 19,23, 24,29, 32,39, 46,57, 75,96,  16213.84589983461
11 5,6, 7,9, 9,12, 12,14, 15,18, 19,23, 24,29, 25,119, 32,39, 46,56, 75,93,  16164.555136319408
12 5,6, 7,9, 9,12, 12,14, 15,18, 17,66, 19,23, 24,29, 32,39, 36,161, 46,56, 75,92,  16134.131247175186
13 5,6, 7,9, 9,12, 11,13, 12,15, 17,66, 15,18, 19,23, 24,29, 36,161, 32,39, 46,56, 75,92,  15386.37748131848
14 3,4, 5,7, 7,9, 9,12, 11,13, 12,15, 17,66, 15,18, 19,23, 24,29, 36,161, 32,39, 46,56, 75,92,  15262.614346594233
