5 28,66, 38,129, 47,218, 81,250, 150,313,  46832.75585613369
6 27,61, 37,110, 36,185, 59,220, 93,268, 166,317,  44319.22933334342
7 27,55, 30,107, 37,183, 65,127, 58,251, 96,279, 171,319,  41218.776782947156
8 27,51, 30,95, 33,158, 64,127, 47,224, 71,271, 111,281, 187,326,  39482.369037881545
9 26,46, 28,82, 28,142, 48,107, 42,203, 62,269, 83,161, 102,303, 182,320,  36963.94778326671
10 27,46, 27,82, 29,134, 83,160, 38,195, 54,237, 76,301, 49,106, 119,295, 197,329,  35868.121535693695
11 26,43, 26,77, 28,125, 34,193, 51,145, 52,241, 93,169, 74,295, 47,86, 117,308, 198,327,  34484.97337125699
12 26,44, 26,78, 26,130, 38,141, 39,216, 63,151, 57,254, 79,299, 107,182, 47,85, 122,321, 205,329,  33672.96502588154
13 26,43, 26,75, 25,123, 38,123, 34,191, 61,145, 48,232, 66,268, 90,320, 104,179, 47,76, 135,310, 216,335,  32734.883405973185
14 26,41, 25,70, 26,111, 30,170, 42,132, 41,236, 42,76, 62,275, 56,184, 86,317, 105,198, 75,119, 132,321, 215,329,  31482.714554834343
15 26,40, 26,67, 25,108, 38,127, 30,170, 43,78, 40,241, 52,178, 61,266, 84,317, 129,319, 101,197, 73,121, 210,321, 224,705,  31335.05382396855
