3 14,26, 24,43, 48,86,  31162.235357537178
4 13,25, 20,36, 32,56, 58,106,  27164.72521850321
5 12,24, 18,32, 26,46, 40,70, 67,124,  24835.746465587927
6 11,24, 17,29, 21,41, 31,53, 45,82, 75,138,  23425.358502085703
7 11,23, 15,28, 20,33, 35,58, 48,90, 24,47, 80,146,  21683.261634073144
5 12,24, 18,32, 26,46, 40,70, 67,124,  24835.746465587927
6 11,24, 17,29, 21,41, 31,53, 45,82, 75,138,  23425.358502085703
7 11,23, 15,28, 20,33, 35,58, 48,90, 24,47, 80,146,  21683.261634073144
8 10,23, 13,26, 18,29, 29,47, 35,68, 20,40, 53,91, 82,155,  20922.634280858318
9 10,23, 14,25, 17,33, 24,24, 22,43, 31,50, 37,72, 55,95, 85,161,  20143.222406167282
10 8,25, 12,23, 15,29, 23,23, 28,41, 38,65, 52,97, 19,37, 25,55, 84,156,  19847.960246675324
11 8,25, 11,23, 14,25, 23,23, 21,38, 16,32, 36,40, 35,67, 25,51, 52,91, 82,153,  18728.60866000401
12 9,23, 14,22, 14,27, 18,32, 21,41, 28,49, 29,27, 40,64, 25,72, 12,37, 53,98, 85,158,  18652.33590550334
13 8,24, 11,23, 14,25, 20,26, 21,39, 16,34, 27,49, 35,34, 37,61, 23,71, 45,86, 65,111, 95,186,  18111.715975725216
14 6,25, 10,22, 13,22, 15,27, 17,34, 22,39, 38,38, 24,22, 38,67, 27,51, 12,33, 54,96, 24,84, 85,160,  17397.97777716417
15 7,24, 10,22, 12,32, 13,23, 20,36, 24,22, 25,46, 32,62, 38,39, 46,78, 16,50, 16,29, 0,0, 60,115, 97,178,  17405.9995933472
