1 48,104,  84173.5088751739
2 32,70, 79,169,  63308.456396951224
3 28,57, 49,122, 104,202,  53513.19094241577
4 27,50, 39,101, 66,156, 128,220,  48271.849143403924
5 26,45, 36,84, 48,137, 80,173, 144,230,  44788.40438159174
6 26,42, 32,81, 44,137, 67,91, 144,228, 76,186,  42189.47615471036
7 26,39, 30,73, 38,120, 62,86, 94,194, 164,236, 58,165,  39983.88828790628
8 25,36, 27,67, 35,112, 53,154, 49,72, 86,113, 85,208, 158,234,  37624.265822738846
9 25,35, 27,63, 32,104, 47,139, 48,71, 83,113, 180,239, 66,189, 105,216,  36094.79208097635
10 25,34, 25,62, 32,98, 44,141, 44,61, 106,134, 62,99, 180,242, 65,183, 101,233,  34716.099924703216
11 25,33, 24,60, 30,93, 41,135, 41,57, 54,92, 84,119, 134,168, 60,175, 173,265, 89,226,  33489.20305821811
12 25,32, 24,56, 29,87, 41,57, 38,123, 56,87, 75,122, 124,149, 191,250, 110,246, 52,162, 74,202,  32512.17949317109
13 25,31, 25,52, 26,83, 35,107, 45,152, 52,102, 75,77, 81,133, 40,60, 137,165, 180,264, 64,190, 96,234,  31698.128597722967
14 24,30, 24,52, 27,79, 33,115, 39,51, 45,160, 43,84, 55,121, 74,81, 144,172, 90,138, 66,191, 184,269, 98,238,  30611.957025445
15 24,29, 24,47, 25,73, 36,85, 29,116, 43,123, 67,137, 40,52, 119,170, 58,83, 100,105, 50,174, 197,243, 112,259, 75,207,  29743.459815639082
16 24,30, 23,50, 25,78, 35,88, 33,128, 35,50, 47,160, 51,67, 73,140, 49,111, 128,154, 82,91, 207,245, 63,197, 127,258, 89,219,  29198.809326120423
