模型            person    face      fps    fps-network   mean iou    avg-iou face avg-iou person          FLOPs         param
yolov3          60.79    60.47    12.36      114.38        0.735     0.745          0.725                33124399104.0 61949152.0
yolov3-tiny     42.23    39.15    14.87      541.94        0.6906    0.698          0.685                 2812440320.0  8852366.0
yolov3-mobile   34.63    40.81    13.59      380.93        0.688     0.696          0.682                  317022496.0  3636520.0
                                                                                                         10821204992.0 21640716.0
yolov3-large    66.95    69.24    11.8        115.58       0.747     0.756          0.740

#4,7, 9,16, 15,34, 20,86, 27,48, 35,155, 43,80, 57,251, 72,133, 81,393, 126,244, 126,515, 204,554, 355,646, 
1,2, 2,4, 4,8, 6,27, 7,13, 11,47, 12,22, 18,83, 20,37, 30,138, 33,63, 47,217, 60,115, 81,265, 153,312
4,12, 9,27, 15,49, 20,97, 32,64, 47,225, 82,274, 65,128, 33,141, 156,313,
2,7, 5,16, 9,26, 11,48, 17,76, 20,38, 25,126, 33,68, 39,195, 46,115, 59,259, 82,158, 98,301, 177,318,
1,2, 3,5, 7,12, 15,27, 35,62,


2,4, 7,12, 13,30, 21,68,  35,62, 35,118, 45,204, 78,246, 146,311
 2,7, 5,16, 9,26, 11,48, 17,76, 20,38, 25,126, 35,62, 39,195, 46,115, 59,259, 82,158, 98,301, 177,318,
 15,27,


2,4, 7,12, 9,23, 12,55, 17,31, 22,95, 35,62, 33,161, 54,223, 51,97, 28,52, 88,261, 159,315,

2,4, 4,12, 9,27, 15,49, 20,97, 32,64, 47,225, 82,274, 65,128, 33,141, 156,313,
2,4, 5,12, 9,28, 15,55, 26,122, 22,64, 59,119, 75,262, 42,202, 147,309,
2,4, 5,12, 14,26, 14,44, 18,88, 32,121, 35,62, 62,261, 66,130, 40,199, 101,282, 177,321,